			Протокол прохода WK_00002 над изображением WK_00003 с шагом 1000 пикселей.


Имитация высоты полета на 30.0 м. Высота опорного изображения: 300 м.
----------------------------------------------------------------------------------------------------------------------
| номер | Кол-во КТ опорного | Кол-во КТ обл. | Кол-во   | Кол-во общих КТ | Вариант            | Положение на       |
| п/п   | изображения        | видимости      | общих КТ | после фильтра   | искажения          | опорном изображ.   |
----------------------------------------------------------------------------------------------------------------------
|   1   |       89205        |      655       |    46    |       32        |   Без искажений    |    [1137, 825]     |
|   2   |       89205        |      717       |    63    |       60        |   Без искажений    |    [1731, 832]     |
|   3   |       89205        |      789       |   102    |       85        |   Без искажений    |    [2490, 787]     |
|   4   |       89205        |      1293      |   104    |       97        |   Без искажений    |    [3133, 800]     |
|   5   |       89205        |      1677      |    88    |       72        |   Без искажений    |    [3779, 701]     |
|   6   |       89205        |      725       |    80    |       56        |   Без искажений    |    [1182, 1563]    |
|   7   |       89205        |      1010      |   168    |       161       |   Без искажений    |    [1880, 1492]    |
|   8   |       89205        |      1966      |   215    |       205       |   Без искажений    |    [2505, 1455]    |
|   9   |       89205        |      1012      |   114    |       111       |   Без искажений    |    [3178, 1425]    |
|  10   |       89205        |      1186      |   111    |       104       |   Без искажений    |    [3769, 1395]    |
|  11   |       89205        |      1464      |   291    |       268       |   Без искажений    |    [1197, 2185]    |
|  12   |       89205        |      408       |    74    |       55        |   Без искажений    |    [1922, 2194]    |
|  13   |       89205        |      756       |    96    |       56        |   Без искажений    |    [2560, 2067]    |
|  14   |       89205        |      451       |    27    |       15        |   Без искажений    |    [3189, 1988]    |
|  15   |       89205        |      481       |    35    |       20        |   Без искажений    |    [3749, 2072]    |
|  16   |       89205        |      450       |    54    |       48        |   Без искажений    |    [1230, 2844]    |
|  17   |       89205        |      162       |    40    |       37        |   Без искажений    |    [1747, 2806]    |
|  18   |       89205        |      189       |    11    |        5        |   Без искажений    |    [2373, 2893]    |
|  19   |       89205        |      427       |    44    |       40        |   Без искажений    |    [3291, 2735]    |
|  20   |       89205        |      728       |    82    |       70        |   Без искажений    |    [3885, 2698]    |
----------------------------------------------------------------------------------------------------------------------
|  21   |       89205        |      528       |    37    |       29        |  Поворот 60 град   |    [1119, 826]     |
|  22   |       89205        |      507       |    51    |       51        |  Поворот 60 град   |    [1775, 810]     |
|  23   |       89205        |      611       |    57    |       56        |  Поворот 60 град   |    [2455, 802]     |
|  24   |       89205        |      855       |    77    |       69        |  Поворот 60 град   |    [3162, 790]     |
|  25   |       89205        |      1306      |    64    |       59        |  Поворот 60 град   |    [3778, 702]     |
|  26   |       89205        |      568       |    45    |       39        |  Поворот 60 град   |    [1179, 1560]    |
|  27   |       89205        |      800       |   113    |       112       |  Поворот 60 град   |    [1864, 1491]    |
|  28   |       89205        |      1547      |   139    |       134       |  Поворот 60 град   |    [2497, 1466]    |
|  29   |       89205        |      867       |    90    |       90        |  Поворот 60 град   |    [3187, 1419]    |
|  30   |       89205        |      1089      |    80    |       77        |  Поворот 60 град   |    [3774, 1398]    |
|  31   |       89205        |      1123      |   209    |       206       |  Поворот 60 град   |    [1191, 2204]    |
|  32   |       89205        |      321       |    53    |       42        |  Поворот 60 град   |    [1925, 2202]    |
|  33   |       89205        |      538       |    57    |       51        |  Поворот 60 град   |    [2577, 2120]    |
|  34   |       89205        |      328       |    17    |       15        |  Поворот 60 град   |    [3188, 2007]    |
|  35   |       89205        |      423       |    24    |       17        |  Поворот 60 град   |    [3747, 2052]    |
|  36   |       89205        |      406       |    42    |       38        |  Поворот 60 град   |    [1196, 2844]    |
|  37   |       89205        |      139       |    27    |       24        |  Поворот 60 град   |    [1750, 2745]    |
|  38   |       89205        |      115       |    7     |        4        |  Поворот 60 град   |    [2740, 2856]    |
|  39   |       89205        |      377       |    33    |       29        |  Поворот 60 град   |    [3265, 2699]    |
|  40   |       89205        |      502       |    56    |       53        |  Поворот 60 град   |    [3867, 2690]    |
----------------------------------------------------------------------------------------------------------------------
|  41   |       89205        |      552       |    30    |       24        | Поворот -120 град  |    [1140, 876]     |
|  42   |       89205        |      513       |    53    |       43        | Поворот -120 град  |    [1821, 840]     |
|  43   |       89205        |      603       |    68    |       67        | Поворот -120 град  |    [2453, 797]     |
|  44   |       89205        |      889       |    89    |       84        | Поворот -120 град  |    [3167, 780]     |
|  45   |       89205        |      1270      |    66    |       61        | Поворот -120 град  |    [3780, 705]     |
|  46   |       89205        |      582       |    46    |       40        | Поворот -120 град  |    [1179, 1560]    |
|  47   |       89205        |      824       |   132    |       121       | Поворот -120 град  |    [1864, 1498]    |
|  48   |       89205        |      1587      |   148    |       141       | Поворот -120 град  |    [2500, 1465]    |
|  49   |       89205        |      881       |    83    |       79        | Поворот -120 град  |    [3187, 1426]    |
|  50   |       89205        |      1070      |    83    |       81        | Поворот -120 град  |    [3774, 1387]    |
|  51   |       89205        |      1092      |   205    |       203       | Поворот -120 град  |    [1177, 2200]    |
|  52   |       89205        |      316       |    49    |       45        | Поворот -120 град  |    [1920, 2202]    |
|  53   |       89205        |      528       |    64    |       42        | Поворот -120 град  |    [2544, 2076]    |
|  54   |       89205        |      314       |    21    |       20        | Поворот -120 град  |    [3187, 2007]    |
|  55   |       89205        |      423       |    25    |       18        | Поворот -120 град  |    [3749, 2055]    |
|  56   |       89205        |      404       |    43    |       37        | Поворот -120 град  |    [1193, 2842]    |
|  57   |       89205        |      144       |    27    |       24        | Поворот -120 град  |    [1745, 2745]    |
|  58   |       89205        |      120       |    11    |        7        | Поворот -120 град  |    [2744, 2856]    |
|  59   |       89205        |      396       |    31    |       27        | Поворот -120 град  |    [3262, 2701]    |
|  60   |       89205        |      504       |    55    |       54        | Поворот -120 град  |    [3862, 2680]    |
----------------------------------------------------------------------------------------------------------------------
|  61   |       89205        |      653       |    46    |       41        |  Поворот 180 град  |    [1140, 831]     |
|  62   |       89205        |      744       |    54    |       46        |  Поворот 180 град  |    [1770, 833]     |
|  63   |       89205        |      810       |    95    |       78        |  Поворот 180 град  |    [2473, 795]     |
|  64   |       89205        |      1322      |   113    |       102       |  Поворот 180 град  |    [3133, 800]     |
|  65   |       89205        |      1713      |    87    |       77        |  Поворот 180 град  |    [3771, 703]     |
|  66   |       89205        |      736       |    70    |       57        |  Поворот 180 град  |    [1174, 1561]    |
|  67   |       89205        |      1021      |   175    |       163       |  Поворот 180 град  |    [1880, 1493]    |
|  68   |       89205        |      1942      |   217    |       206       |  Поворот 180 град  |    [2508, 1456]    |
|  69   |       89205        |      1042      |   123    |       117       |  Поворот 180 град  |    [3187, 1428]    |
|  70   |       89205        |      1231      |   116    |       107       |  Поворот 180 град  |    [3772, 1388]    |
|  71   |       89205        |      1460      |   284    |       256       |  Поворот 180 град  |    [1197, 2182]    |
|  72   |       89205        |      410       |    72    |       56        |  Поворот 180 град  |    [1916, 2192]    |
|  73   |       89205        |      765       |    88    |       53        |  Поворот 180 град  |    [2558, 2068]    |
|  74   |       89205        |      448       |    27    |       19        |  Поворот 180 град  |    [3173, 2078]    |
|  75   |       89205        |      472       |    38    |       21        |  Поворот 180 град  |    [3685, 2074]    |
|  76   |       89205        |      454       |    48    |       40        |  Поворот 180 град  |    [1226, 2850]    |
|  77   |       89205        |      154       |    42    |       39        |  Поворот 180 град  |    [1742, 2806]    |
|  78   |       89205        |      194       |    12    |        7        |  Поворот 180 град  |    [2740, 2856]    |
|  79   |       89205        |      426       |    43    |       37        |  Поворот 180 град  |    [3293, 2709]    |
|  80   |       89205        |      713       |    83    |       71        |  Поворот 180 град  |    [3896, 2699]    |
----------------------------------------------------------------------------------------------------------------------
|  81   |       89205        |      653       |    46    |       32        |    Яркость +30     |    [1137, 825]     |
|  82   |       89205        |      717       |    64    |       59        |    Яркость +30     |    [1729, 842]     |
|  83   |       89205        |      789       |   102    |       85        |    Яркость +30     |    [2490, 787]     |
|  84   |       89205        |      1297      |   103    |       96        |    Яркость +30     |    [3133, 800]     |
|  85   |       89205        |      1678      |    88    |       72        |    Яркость +30     |    [3779, 701]     |
|  86   |       89205        |      726       |    82    |       57        |    Яркость +30     |    [1184, 1563]    |
|  87   |       89205        |      1010      |   169    |       162       |    Яркость +30     |    [1880, 1492]    |
|  88   |       89205        |      1939      |   213    |       204       |    Яркость +30     |    [2504, 1455]    |
|  89   |       89205        |      1020      |   108    |       104       |    Яркость +30     |    [3182, 1430]    |
|  90   |       89205        |      1178      |   114    |       108       |    Яркость +30     |    [3764, 1395]    |
|  91   |       89205        |      1464      |   291    |       268       |    Яркость +30     |    [1197, 2185]    |
|  92   |       89205        |      406       |    74    |       55        |    Яркость +30     |    [1922, 2194]    |
|  93   |       89205        |      754       |    95    |       56        |    Яркость +30     |    [2560, 2067]    |
|  94   |       89205        |      452       |    27    |       15        |    Яркость +30     |    [3189, 1988]    |
|  95   |       89205        |      481       |    34    |       19        |    Яркость +30     |    [3749, 2072]    |
|  96   |       89205        |      450       |    54    |       48        |    Яркость +30     |    [1230, 2844]    |
|  97   |       89205        |      162       |    40    |       37        |    Яркость +30     |    [1747, 2806]    |
|  98   |       89205        |      198       |    8     |        5        |    Яркость +30     |    [2373, 2893]    |
|  99   |       89205        |      427       |    44    |       40        |    Яркость +30     |    [3291, 2735]    |
|  100  |       89205        |      734       |    82    |       70        |    Яркость +30     |    [3815, 2705]    |
----------------------------------------------------------------------------------------------------------------------
|  101  |       89205        |      1116      |    27    |       23        |    Яркость -30     |    [1107, 833]     |
|  102  |       89205        |      1125      |    41    |       36        |    Яркость -30     |    [1758, 785]     |
|  103  |       89205        |      914       |    92    |       78        |    Яркость -30     |    [2473, 792]     |
|  104  |       89205        |      1403      |    99    |       93        |    Яркость -30     |    [3133, 782]     |
|  105  |       89205        |      2129      |    57    |       51        |    Яркость -30     |    [3777, 702]     |
|  106  |       89205        |      770       |    79    |       57        |    Яркость -30     |    [1189, 1563]    |
|  107  |       89205        |      1043      |   156    |       148       |    Яркость -30     |    [1882, 1493]    |
|  108  |       89205        |      2023      |   208    |       200       |    Яркость -30     |    [2504, 1455]    |
|  109  |       89205        |      1094      |    98    |       91        |    Яркость -30     |    [3192, 1417]    |
|  110  |       89205        |      1255      |   112    |       105       |    Яркость -30     |    [3769, 1395]    |
|  111  |       89205        |      1624      |   289    |       264       |    Яркость -30     |    [1199, 2188]    |
|  112  |       89205        |      413       |    72    |       54        |    Яркость -30     |    [1922, 2194]    |
|  113  |       89205        |      760       |    95    |       56        |    Яркость -30     |    [2560, 2090]    |
|  114  |       89205        |      462       |    30    |       15        |    Яркость -30     |    [3171, 1988]    |
|  115  |       89205        |      642       |    30    |       16        |    Яркость -30     |    [3751, 2087]    |
|  116  |       89205        |      531       |    47    |       45        |    Яркость -30     |    [1235, 2843]    |
|  117  |       89205        |      1167      |    37    |       34        |    Яркость -30     |    [1742, 2806]    |
|  118  |       89205        |      254       |    6     |        3        |    Яркость -30     |    [2778, 2884]    |
|  119  |       89205        |      534       |    45    |       38        |    Яркость -30     |    [3284, 2707]    |
|  120  |       89205        |      871       |    72    |       57        |    Яркость -30     |    [3815, 2685]    |
----------------------------------------------------------------------------------------------------------------------
|  121  |       89205        |      936       |    38    |       33        |  Добавление шумов  |    [1124, 842]     |
|  122  |       89205        |      1054      |    51    |       49        |  Добавление шумов  |    [1725, 824]     |
|  123  |       89205        |      1113      |    51    |       46        |  Добавление шумов  |    [2465, 784]     |
|  124  |       89205        |      1806      |    78    |       71        |  Добавление шумов  |    [3135, 770]     |
|  125  |       89205        |      2100      |    59    |       50        |  Добавление шумов  |    [3773, 708]     |
|  126  |       89205        |      1143      |    53    |       35        |  Добавление шумов  |    [1194, 1551]    |
|  127  |       89205        |      1771      |   114    |       112       |  Добавление шумов  |    [1883, 1490]    |
|  128  |       89205        |      2445      |   108    |       106       |  Добавление шумов  |    [2521, 1457]    |
|  129  |       89205        |      1588      |    75    |       68        |  Добавление шумов  |    [3194, 1416]    |
|  130  |       89205        |      1803      |    73    |       66        |  Добавление шумов  |    [3765, 1390]    |
|  131  |       89205        |      1980      |   230    |       208       |  Добавление шумов  |    [1197, 2179]    |
|  132  |       89205        |      628       |    53    |       40        |  Добавление шумов  |    [1925, 2196]    |
|  133  |       89205        |      1451      |    61    |       37        |  Добавление шумов  |    [2568, 2094]    |
|  134  |       89205        |      862       |    9     |        8        |  Добавление шумов  |    [3271, 2011]    |
|  135  |       89205        |      830       |    15    |        8        |  Добавление шумов  |    [3747, 2055]    |
|  136  |       89205        |      734       |    36    |       29        |  Добавление шумов  |    [1232, 2842]    |
|  137  |       89205        |      223       |    27    |       26        |  Добавление шумов  |    [1743, 2792]    |
|  138  |       89205        |      357       |    11    |        4        |  Добавление шумов  |    [2325, 2920]    |
|  139  |       89205        |      576       |    25    |       22        |  Добавление шумов  |    [3273, 2692]    |
|  140  |       89205        |      1116      |    61    |       47        |  Добавление шумов  |    [3878, 2685]    |
----------------------------------------------------------------------------------------------------------------------
|  141  |       89205        |      403       |    30    |       23        | Размытость (5, 5)  |    [1124, 825]     |
|  142  |       89205        |      383       |    36    |       28        | Размытость (5, 5)  |    [1731, 857]     |
|  143  |       89205        |      336       |    46    |       40        | Размытость (5, 5)  |    [2487, 778]     |
|  144  |       89205        |      642       |    53    |       46        | Размытость (5, 5)  |    [3113, 777]     |
|  145  |       89205        |      810       |    42    |       38        | Размытость (5, 5)  |    [3778, 708]     |
|  146  |       89205        |      400       |    37    |       18        | Размытость (5, 5)  |    [1186, 1567]    |
|  147  |       89205        |      511       |    92    |       89        | Размытость (5, 5)  |    [1865, 1490]    |
|  148  |       89205        |      721       |    73    |       66        | Размытость (5, 5)  |    [2517, 1439]    |
|  149  |       89205        |      529       |    62    |       57        | Размытость (5, 5)  |    [3194, 1423]    |
|  150  |       89205        |      621       |    55    |       45        | Размытость (5, 5)  |    [3755, 1383]    |
|  151  |       89205        |      850       |   181    |       159       | Размытость (5, 5)  |    [1189, 2182]    |
|  152  |       89205        |      231       |    35    |       25        | Размытость (5, 5)  |    [1928, 2187]    |
|  153  |       89205        |      317       |    47    |       35        | Размытость (5, 5)  |    [2524, 2094]    |
|  154  |       89205        |      147       |    8     |        7        | Размытость (5, 5)  |    [3001, 2036]    |
|  155  |       89205        |      250       |    20    |       14        | Размытость (5, 5)  |    [3693, 2072]    |
|  156  |       89205        |      270       |    36    |       31        | Размытость (5, 5)  |    [1211, 2844]    |
|  157  |       89205        |      101       |    19    |       19        | Размытость (5, 5)  |    [1726, 2811]    |
|  158  |       89205        |      111       |    17    |       10        | Размытость (5, 5)  |    [2639, 2847]    |
|  159  |       89205        |      197       |    12    |       12        | Размытость (5, 5)  |    [3267, 2691]    |
|  160  |       89205        |      429       |    53    |       45        | Размытость (5, 5)  |    [3874, 2690]    |
----------------------------------------------------------------------------------------------------------------------
Разница высот опорного изображения и области видимости: 10.0 раз.
Из 160 сравнений найдено координат: 160. процент нахождения - 100.0 %

----------------------------------------------------------------------------------------------------------------------

Имитация высоты полета на 20.0 м. Высота опорного изображения: 300 м.
----------------------------------------------------------------------------------------------------------------------
| номер | Кол-во КТ опорного | Кол-во КТ обл. | Кол-во   | Кол-во общих КТ | Вариант            | Положение на       |
| п/п   | изображения        | видимости      | общих КТ | после фильтра   | искажения          | опорном изображ.   |
----------------------------------------------------------------------------------------------------------------------
|   1   |       89205        |      314       |    17    |       16        |   Без искажений    |     [978, 773]     |
|   2   |       89205        |      345       |    32    |       26        |   Без искажений    |    [1718, 743]     |
|   3   |       89205        |      175       |    31    |       24        |   Без искажений    |    [2376, 747]     |
|   4   |       89205        |      324       |    30    |       30        |   Без искажений    |    [3025, 661]     |
|   5   |       89205        |      451       |    37    |       35        |   Без искажений    |    [3671, 616]     |
|   6   |       89205        |      311       |    15    |       14        |   Без искажений    |    [1071, 1439]    |
|   7   |       89205        |      285       |    62    |       30        |   Без искажений    |    [1776, 1478]    |
|   8   |       89205        |      895       |    88    |       73        |   Без искажений    |    [2432, 1396]    |
|   9   |       89205        |      405       |    33    |       32        |   Без искажений    |    [3061, 1361]    |
|  10   |       89205        |      662       |   104    |       67        |   Без искажений    |    [3706, 1344]    |
|  11   |       89205        |      657       |   116    |       114       |   Без искажений    |    [1071, 2145]    |
|  12   |       89205        |      137       |    9     |        9        |   Без искажений    |    [1734, 2025]    |
|  13   |       89205        |      235       |    38    |       34        |   Без искажений    |    [2429, 2011]    |
|  14   |       89205        |      270       |    14    |       13        |   Без искажений    |    [3092, 1990]    |
|  15   |       89205        |      249       |    15    |       15        |   Без искажений    |    [3749, 2001]    |
|  16   |       89205        |      268       |    26    |       23        |   Без искажений    |    [1103, 2791]    |
|  17   |       89205        |      160       |    37    |       32        |   Без искажений    |    [1729, 2748]    |
|  18   |       89205        |       75       |    10    |        5        |   Без искажений    |    [2481, 2784]    |
|  19   |       89205        |      251       |    24    |       22        |   Без искажений    |    [3192, 2670]    |
|  20   |       89205        |      461       |    70    |       62        |   Без искажений    |    [3821, 2667]    |
----------------------------------------------------------------------------------------------------------------------
|  21   |       89205        |      193       |    13    |       12        |  Поворот 60 град   |     [970, 744]     |
|  22   |       89205        |      263       |    12    |       12        |  Поворот 60 град   |    [1716, 756]     |
|  23   |       89205        |      152       |    15    |       14        |  Поворот 60 град   |    [2361, 733]     |
|  24   |       89205        |      241       |    31    |       29        |  Поворот 60 град   |    [3051, 677]     |
|  25   |       89205        |      400       |    28    |       27        |  Поворот 60 град   |    [3681, 620]     |
|  26   |       89205        |      201       |    10    |        9        |  Поворот 60 град   |    [1032, 1437]    |
|  27   |       89205        |      212       |    35    |       18        |  Поворот 60 град   |    [1765, 1508]    |
|  28   |       89205        |      673       |    47    |       46        |  Поворот 60 град   |    [2409, 1397]    |
|  29   |       89205        |      284       |    32    |       32        |  Поворот 60 град   |    [3061, 1361]    |
|  30   |       89205        |      532       |    53    |       49        |  Поворот 60 град   |    [3718, 1318]    |
|  31   |       89205        |      484       |    84    |       83        |  Поворот 60 град   |    [1073, 2127]    |
|  32   |       89205        |      108       |    7     |        5        |  Поворот 60 град   |    [1671, 2042]    |
|  33   |       89205        |      101       |    22    |       16        |  Поворот 60 град   |    [2343, 2022]    |
|  34   |       89205        |      195       |    16    |       15        |  Поворот 60 град   |    [3110, 2012]    |
|  35   |       89205        |      274       |    19    |       14        |  Поворот 60 град   |    [3755, 2010]    |
|  36   |       89205        |      199       |    18    |       17        |  Поворот 60 град   |    [1074, 2762]    |
|  37   |       89205        |      136       |    24    |       20        |  Поворот 60 град   |    [1730, 2745]    |
|  38   |       89205        |       35       |    4     |        3        |  Поворот 60 град   |    [2446, 2781]    |
|  39   |       89205        |      193       |    17    |       17        |  Поворот 60 град   |    [3182, 2684]    |
|  40   |       89205        |      308       |    43    |       42        |  Поворот 60 град   |    [3840, 2666]    |
----------------------------------------------------------------------------------------------------------------------
|  41   |       89205        |      194       |    13    |       12        | Поворот -120 град  |     [997, 744]     |
|  42   |       89205        |      250       |    11    |       11        | Поворот -120 град  |    [1710, 756]     |
|  43   |       89205        |      169       |    22    |       21        | Поворот -120 град  |    [2350, 735]     |
|  44   |       89205        |      248       |    30    |       29        | Поворот -120 град  |    [3048, 661]     |
|  45   |       89205        |      396       |    23    |       23        | Поворот -120 град  |    [3694, 648]     |
|  46   |       89205        |      205       |    10    |        9        | Поворот -120 град  |    [1051, 1437]    |
|  47   |       89205        |      218       |    32    |       23        | Поворот -120 град  |    [1787, 1466]    |
|  48   |       89205        |      698       |    48    |       46        | Поворот -120 град  |    [2399, 1396]    |
|  49   |       89205        |      291       |    24    |       24        | Поворот -120 град  |    [3109, 1386]    |
|  50   |       89205        |      549       |    52    |       47        | Поворот -120 град  |    [3718, 1322]    |
|  51   |       89205        |      490       |    81    |       79        | Поворот -120 град  |    [1072, 2122]    |
|  52   |       89205        |      108       |    5     |        5        | Поворот -120 град  |    [1661, 2042]    |
|  53   |       89205        |       99       |    15    |       13        | Поворот -120 град  |    [2345, 2022]    |
|  54   |       89205        |      203       |    16    |       15        | Поворот -120 град  |    [3110, 2012]    |
|  55   |       89205        |      269       |    14    |       13        | Поворот -120 град  |    [3747, 2000]    |
|  56   |       89205        |      192       |    25    |       20        | Поворот -120 град  |    [1074, 2806]    |
|  57   |       89205        |      121       |    19    |       19        | Поворот -120 град  |    [1730, 2745]    |
|  58   |       89205        |       43       |    2     |        0        | Поворот -120 град  |     не найдено     |
|  59   |       89205        |      209       |    13    |       13        | Поворот -120 град  |    [3182, 2684]    |
|  60   |       89205        |      322       |    43    |       43        | Поворот -120 град  |    [3840, 2671]    |
----------------------------------------------------------------------------------------------------------------------
|  61   |       89205        |      312       |    18    |       18        |  Поворот 180 град  |     [986, 773]     |
|  62   |       89205        |      363       |    31    |       25        |  Поворот 180 град  |    [1716, 745]     |
|  63   |       89205        |      197       |    28    |       21        |  Поворот 180 град  |    [2337, 748]     |
|  64   |       89205        |      330       |    35    |       33        |  Поворот 180 град  |    [3034, 683]     |
|  65   |       89205        |      459       |    36    |       34        |  Поворот 180 град  |    [3673, 616]     |
|  66   |       89205        |      298       |    11    |        9        |  Поворот 180 град  |    [1059, 1417]    |
|  67   |       89205        |      297       |    60    |       24        |  Поворот 180 град  |    [1765, 1478]    |
|  68   |       89205        |      893       |    82    |       70        |  Поворот 180 град  |    [2412, 1387]    |
|  69   |       89205        |      402       |    36    |       35        |  Поворот 180 град  |    [3061, 1362]    |
|  70   |       89205        |      676       |   102    |       64        |  Поворот 180 град  |    [3702, 1342]    |
|  71   |       89205        |      650       |   118    |       115       |  Поворот 180 град  |    [1075, 2140]    |
|  72   |       89205        |      134       |    7     |        7        |  Поворот 180 град  |    [1701, 2045]    |
|  73   |       89205        |      242       |    37    |       34        |  Поворот 180 град  |    [2428, 2011]    |
|  74   |       89205        |      264       |    13    |       11        |  Поворот 180 град  |    [3102, 1990]    |
|  75   |       89205        |      236       |    17    |        8        |  Поворот 180 град  |    [3763, 2046]    |
|  76   |       89205        |      274       |    25    |       24        |  Поворот 180 град  |    [1110, 2766]    |
|  77   |       89205        |      153       |    38    |       34        |  Поворот 180 град  |    [1729, 2769]    |
|  78   |       89205        |       73       |    13    |        7        |  Поворот 180 град  |    [2393, 2804]    |
|  79   |       89205        |      254       |    25    |       23        |  Поворот 180 град  |    [3192, 2671]    |
|  80   |       89205        |      451       |    63    |       54        |  Поворот 180 град  |    [3849, 2651]    |
----------------------------------------------------------------------------------------------------------------------
|  81   |       89205        |      314       |    17    |       16        |    Яркость +30     |     [978, 773]     |
|  82   |       89205        |      345       |    31    |       26        |    Яркость +30     |    [1718, 743]     |
|  83   |       89205        |      175       |    31    |       24        |    Яркость +30     |    [2376, 747]     |
|  84   |       89205        |      329       |    28    |       28        |    Яркость +30     |    [3025, 661]     |
|  85   |       89205        |      452       |    37    |       35        |    Яркость +30     |    [3671, 616]     |
|  86   |       89205        |      311       |    15    |       14        |    Яркость +30     |    [1071, 1439]    |
|  87   |       89205        |      285       |    62    |       30        |    Яркость +30     |    [1776, 1478]    |
|  88   |       89205        |      894       |    91    |       75        |    Яркость +30     |    [2438, 1396]    |
|  89   |       89205        |      407       |    31    |       30        |    Яркость +30     |    [3061, 1361]    |
|  90   |       89205        |      660       |   106    |       66        |    Яркость +30     |    [3706, 1344]    |
|  91   |       89205        |      657       |   116    |       114       |    Яркость +30     |    [1071, 2145]    |
|  92   |       89205        |      135       |    10    |       10        |    Яркость +30     |    [1739, 2025]    |
|  93   |       89205        |      235       |    37    |       34        |    Яркость +30     |    [2429, 2011]    |
|  94   |       89205        |      271       |    14    |       13        |    Яркость +30     |    [3092, 1990]    |
|  95   |       89205        |      248       |    15    |       15        |    Яркость +30     |    [3749, 2001]    |
|  96   |       89205        |      268       |    26    |       23        |    Яркость +30     |    [1103, 2791]    |
|  97   |       89205        |      160       |    37    |       32        |    Яркость +30     |    [1729, 2748]    |
|  98   |       89205        |       75       |    10    |        5        |    Яркость +30     |    [2481, 2784]    |
|  99   |       89205        |      251       |    24    |       22        |    Яркость +30     |    [3192, 2670]    |
|  100  |       89205        |      468       |    68    |       62        |    Яркость +30     |    [3821, 2667]    |
----------------------------------------------------------------------------------------------------------------------
|  101  |       89205        |      537       |    13    |        9        |    Яркость -30     |    [1002, 773]     |
|  102  |       89205        |      500       |    29    |       22        |    Яркость -30     |    [1781, 726]     |
|  103  |       89205        |      215       |    33    |       22        |    Яркость -30     |    [2383, 747]     |
|  104  |       89205        |      349       |    32    |       29        |    Яркость -30     |    [3025, 685]     |
|  105  |       89205        |      586       |    40    |       28        |    Яркость -30     |    [3687, 611]     |
|  106  |       89205        |      344       |    13    |       12        |    Яркость -30     |    [1081, 1443]    |
|  107  |       89205        |      301       |    57    |       26        |    Яркость -30     |    [1776, 1472]    |
|  108  |       89205        |      943       |    82    |       69        |    Яркость -30     |    [2423, 1388]    |
|  109  |       89205        |      423       |    30    |       30        |    Яркость -30     |    [3077, 1361]    |
|  110  |       89205        |      687       |   127    |       58        |    Яркость -30     |    [3706, 1362]    |
|  111  |       89205        |      695       |   114    |       107       |    Яркость -30     |    [1082, 2145]    |
|  112  |       89205        |      141       |    9     |        9        |    Яркость -30     |    [1734, 2025]    |
|  113  |       89205        |      242       |    37    |       34        |    Яркость -30     |    [2429, 2011]    |
|  114  |       89205        |      275       |    14    |       13        |    Яркость -30     |    [3087, 1990]    |
|  115  |       89205        |      314       |    14    |       14        |    Яркость -30     |    [3762, 2001]    |
|  116  |       89205        |      326       |    26    |       17        |    Яркость -30     |    [1068, 2800]    |
|  117  |       89205        |      611       |    34    |       27        |    Яркость -30     |    [1683, 2748]    |
|  118  |       89205        |      130       |    5     |        4        |    Яркость -30     |    [2621, 2815]    |
|  119  |       89205        |      312       |    24    |       23        |    Яркость -30     |    [3192, 2670]    |
|  120  |       89205        |      541       |    61    |       52        |    Яркость -30     |    [3818, 2651]    |
----------------------------------------------------------------------------------------------------------------------
|  121  |       89205        |      420       |    14    |       13        |  Добавление шумов  |    [1000, 779]     |
|  122  |       89205        |      501       |    29    |       23        |  Добавление шумов  |    [1713, 744]     |
|  123  |       89205        |      234       |    18    |       17        |  Добавление шумов  |    [2337, 742]     |
|  124  |       89205        |      513       |    25    |       25        |  Добавление шумов  |    [3022, 679]     |
|  125  |       89205        |      628       |    27    |       26        |  Добавление шумов  |    [3677, 654]     |
|  126  |       89205        |      551       |    9     |        8        |  Добавление шумов  |    [1034, 1436]    |
|  127  |       89205        |      500       |    34    |       34        |  Добавление шумов  |    [1788, 1412]    |
|  128  |       89205        |      1208      |    56    |       49        |  Добавление шумов  |    [2429, 1394]    |
|  129  |       89205        |      682       |    26    |       25        |  Добавление шумов  |    [3077, 1383]    |
|  130  |       89205        |      928       |    49    |       48        |  Добавление шумов  |    [3702, 1330]    |
|  131  |       89205        |      899       |    94    |       92        |  Добавление шумов  |    [1068, 2140]    |
|  132  |       89205        |      180       |    6     |        6        |  Добавление шумов  |    [1746, 2017]    |
|  133  |       89205        |      474       |    27    |       25        |  Добавление шумов  |    [2421, 2020]    |
|  134  |       89205        |      409       |    7     |        6        |  Добавление шумов  |    [3054, 2012]    |
|  135  |       89205        |      473       |    27    |       11        |  Добавление шумов  |    [3763, 2039]    |
|  136  |       89205        |      415       |    19    |       18        |  Добавление шумов  |    [1081, 2793]    |
|  137  |       89205        |      226       |    23    |       19        |  Добавление шумов  |    [1723, 2753]    |
|  138  |       89205        |      127       |    6     |        5        |  Добавление шумов  |    [2359, 2825]    |
|  139  |       89205        |      356       |    13    |       13        |  Добавление шумов  |    [3200, 2651]    |
|  140  |       89205        |      631       |    46    |       40        |  Добавление шумов  |    [3828, 2664]    |
----------------------------------------------------------------------------------------------------------------------
|  141  |       89205        |      180       |    11    |       11        | Размытость (5, 5)  |     [994, 779]     |
|  142  |       89205        |      208       |    20    |       11        | Размытость (5, 5)  |    [1785, 735]     |
|  143  |       89205        |       79       |    12    |       12        | Размытость (5, 5)  |    [2337, 736]     |
|  144  |       89205        |      154       |    13    |       13        | Размытость (5, 5)  |    [3034, 682]     |
|  145  |       89205        |      266       |    24    |       22        | Размытость (5, 5)  |    [3687, 625]     |
|  146  |       89205        |      179       |    6     |        4        | Размытость (5, 5)  |    [1139, 1436]    |
|  147  |       89205        |      147       |    25    |       22        | Размытость (5, 5)  |    [1789, 1422]    |
|  148  |       89205        |      294       |    28    |       26        | Размытость (5, 5)  |    [2417, 1385]    |
|  149  |       89205        |      215       |    17    |       17        | Размытость (5, 5)  |    [3077, 1362]    |
|  150  |       89205        |      360       |    32    |       32        | Размытость (5, 5)  |    [3699, 1332]    |
|  151  |       89205        |      379       |    79    |       76        | Размытость (5, 5)  |    [1088, 2151]    |
|  152  |       89205        |       69       |    5     |        5        | Размытость (5, 5)  |    [1636, 2067]    |
|  153  |       89205        |      116       |    19    |       17        | Размытость (5, 5)  |    [2409, 2011]    |
|  154  |       89205        |       83       |    7     |        6        | Размытость (5, 5)  |    [3076, 1995]    |
|  155  |       89205        |      134       |    32    |        8        | Размытость (5, 5)  |    [3706, 1900]    |
|  156  |       89205        |      154       |    20    |       18        | Размытость (5, 5)  |    [1084, 2807]    |
|  157  |       89205        |       99       |    16    |       16        | Размытость (5, 5)  |    [1724, 2748]    |
|  158  |       89205        |       38       |    68    |        0        | Размытость (5, 5)  |     не найдено     |
|  159  |       89205        |      107       |    6     |        6        | Размытость (5, 5)  |    [3203, 2653]    |
|  160  |       89205        |      274       |    44    |       41        | Размытость (5, 5)  |    [3818, 2666]    |
----------------------------------------------------------------------------------------------------------------------
Разница высот опорного изображения и области видимости: 15.0 раз.
Из 160 сравнений найдено координат: 158. процент нахождения - 98.8 %

----------------------------------------------------------------------------------------------------------------------

Имитация высоты полета на 15.0 м. Высота опорного изображения: 300 м.
----------------------------------------------------------------------------------------------------------------------
| номер | Кол-во КТ опорного | Кол-во КТ обл. | Кол-во   | Кол-во общих КТ | Вариант            | Положение на       |
| п/п   | изображения        | видимости      | общих КТ | после фильтра   | искажения          | опорном изображ.   |
----------------------------------------------------------------------------------------------------------------------
|   1   |       89205        |      113       |    8     |        8        |   Без искажений    |     [922, 732]     |
|   2   |       89205        |      126       |    0     |        0        |   Без искажений    |     не найдено     |
|   3   |       89205        |       66       |    12    |       12        |   Без искажений    |    [2281, 653]     |
|   4   |       89205        |      154       |    24    |       20        |   Без искажений    |    [2999, 695]     |
|   5   |       89205        |      357       |    25    |       24        |   Без искажений    |    [3671, 616]     |
|   6   |       89205        |      148       |    31    |        2        |   Без искажений    |    [4081, 478]     |
|   7   |       89205        |      179       |    5     |        5        |   Без искажений    |    [1013, 1402]    |
|   8   |       89205        |       30       |    7     |        7        |   Без искажений    |    [1730, 1390]    |
|   9   |       89205        |      280       |    34    |       33        |   Без искажений    |    [2331, 1370]    |
|  10   |       89205        |      166       |    28    |       26        |   Без искажений    |    [3063, 1334]    |
|  11   |       89205        |      411       |    63    |       32        |   Без искажений    |    [3678, 1306]    |
|  12   |       89205        |      211       |    34    |       31        |   Без искажений    |    [4378, 1263]    |
|  13   |       89205        |      349       |    72    |       56        |   Без искажений    |    [1033, 2113]    |
|  14   |       89205        |       98       |    8     |        8        |   Без искажений    |    [1646, 2050]    |
|  15   |       89205        |       68       |    28    |       24        |   Без искажений    |    [2354, 2022]    |
|  16   |       89205        |      208       |    15    |       11        |   Без искажений    |    [3073, 2012]    |
|  17   |       89205        |      199       |    10    |       10        |   Без искажений    |    [3731, 1955]    |
|  18   |       89205        |       36       |    3     |        3        |   Без искажений    |    [4507, 1960]    |
|  19   |       89205        |      152       |    16    |       13        |   Без искажений    |    [1058, 2760]    |
|  20   |       89205        |      143       |    33    |       28        |   Без искажений    |    [1679, 2740]    |
|  21   |       89205        |       19       |    10    |        4        |   Без искажений    |    [2568, 2306]    |
|  22   |       89205        |      130       |    9     |        9        |   Без искажений    |    [3083, 2639]    |
|  23   |       89205        |      200       |    33    |       28        |   Без искажений    |    [3797, 2629]    |
|  24   |       89205        |       65       |    2     |        0        |   Без искажений    |     не найдено     |
----------------------------------------------------------------------------------------------------------------------
|  25   |       89205        |       91       |    4     |        4        |  Поворот 60 град   |     [914, 734]     |
|  26   |       89205        |      128       |    1     |        0        |  Поворот 60 град   |     не найдено     |
|  27   |       89205        |       54       |    7     |        6        |  Поворот 60 град   |    [2299, 679]     |
|  28   |       89205        |      131       |    20    |       16        |  Поворот 60 град   |    [3012, 652]     |
|  29   |       89205        |      294       |    20    |       15        |  Поворот 60 град   |    [3656, 594]     |
|  30   |       89205        |      125       |    4     |        4        |  Поворот 60 град   |    [4268, 513]     |
|  31   |       89205        |       99       |    5     |        5        |  Поворот 60 град   |    [997, 1400]     |
|  32   |       89205        |       21       |    4     |        3        |  Поворот 60 град   |    [1734, 1388]    |
|  33   |       89205        |      199       |    21    |       21        |  Поворот 60 град   |    [2348, 1364]    |
|  34   |       89205        |      130       |    22    |       16        |  Поворот 60 град   |    [3069, 1339]    |
|  35   |       89205        |      240       |    33    |       20        |  Поворот 60 град   |    [3730, 1313]    |
|  36   |       89205        |      177       |    22    |       22        |  Поворот 60 град   |    [4393, 1251]    |
|  37   |       89205        |      283       |    48    |       41        |  Поворот 60 град   |    [1046, 2112]    |
|  38   |       89205        |       81       |    5     |        5        |  Поворот 60 град   |    [1671, 2042]    |
|  39   |       89205        |       65       |    33    |       17        |  Поворот 60 град   |    [2355, 2017]    |
|  40   |       89205        |      117       |    6     |        6        |  Поворот 60 град   |    [3063, 2016]    |
|  41   |       89205        |      172       |    6     |        6        |  Поворот 60 град   |    [3731, 1975]    |
|  42   |       89205        |       46       |    3     |        3        |  Поворот 60 град   |    [4507, 1960]    |
|  43   |       89205        |      125       |    14    |       14        |  Поворот 60 град   |    [1030, 2754]    |
|  44   |       89205        |      125       |    25    |       20        |  Поворот 60 град   |    [1679, 2749]    |
|  45   |       89205        |       16       |    1     |        0        |  Поворот 60 град   |     не найдено     |
|  46   |       89205        |      107       |    43    |        1        |  Поворот 60 град   |     не найдено     |
|  47   |       89205        |      127       |    13    |       12        |  Поворот 60 град   |    [3795, 2653]    |
|  48   |       89205        |       51       |    0     |        0        |  Поворот 60 град   |     не найдено     |
----------------------------------------------------------------------------------------------------------------------
|  49   |       89205        |       81       |    5     |        5        | Поворот -120 град  |     [914, 734]     |
|  50   |       89205        |      113       |    0     |        0        | Поворот -120 град  |     не найдено     |
|  51   |       89205        |       62       |    7     |        7        | Поворот -120 град  |    [2299, 683]     |
|  52   |       89205        |      129       |    14    |       13        | Поворот -120 град  |    [3012, 683]     |
|  53   |       89205        |      313       |    16    |       16        | Поворот -120 град  |    [3681, 615]     |
|  54   |       89205        |      133       |    5     |        5        | Поворот -120 град  |    [4268, 516]     |
|  55   |       89205        |      114       |    4     |        4        | Поворот -120 град  |    [997, 1400]     |
|  56   |       89205        |       21       |    5     |        3        | Поворот -120 град  |    [1734, 1388]    |
|  57   |       89205        |      191       |    21    |       21        | Поворот -120 град  |    [2350, 1364]    |
|  58   |       89205        |      127       |    15    |       13        | Поворот -120 град  |    [3071, 1344]    |
|  59   |       89205        |      241       |    30    |       22        | Поворот -120 град  |    [3730, 1319]    |
|  60   |       89205        |      186       |    30    |       29        | Поворот -120 град  |    [4422, 1251]    |
|  61   |       89205        |      278       |    42    |       38        | Поворот -120 град  |    [1032, 2105]    |
|  62   |       89205        |       79       |    5     |        5        | Поворот -120 град  |    [1671, 2042]    |
|  63   |       89205        |       60       |    34    |       17        | Поворот -120 град  |    [2356, 2022]    |
|  64   |       89205        |      112       |    91    |        1        | Поворот -120 град  |     не найдено     |
|  65   |       89205        |      182       |    7     |        7        | Поворот -120 град  |    [3731, 1973]    |
|  66   |       89205        |       52       |    2     |        0        | Поворот -120 град  |     не найдено     |
|  67   |       89205        |      113       |    10    |       10        | Поворот -120 град  |    [1025, 2754]    |
|  68   |       89205        |      125       |    25    |       20        | Поворот -120 град  |    [1678, 2749]    |
|  69   |       89205        |       17       |    1     |        0        | Поворот -120 град  |     не найдено     |
|  70   |       89205        |      103       |    41    |        1        | Поворот -120 град  |     не найдено     |
|  71   |       89205        |      128       |    11    |       10        | Поворот -120 град  |    [3771, 2639]    |
|  72   |       89205        |       50       |    0     |        0        | Поворот -120 град  |     не найдено     |
----------------------------------------------------------------------------------------------------------------------
|  73   |       89205        |      118       |    9     |        9        |  Поворот 180 град  |     [922, 732]     |
|  74   |       89205        |      159       |    1     |        0        |  Поворот 180 град  |     не найдено     |
|  75   |       89205        |       73       |    16    |       14        |  Поворот 180 град  |    [2291, 680]     |
|  76   |       89205        |      154       |    22    |       17        |  Поворот 180 град  |    [3014, 683]     |
|  77   |       89205        |      357       |    20    |       18        |  Поворот 180 град  |    [3689, 607]     |
|  78   |       89205        |      153       |    21    |        1        |  Поворот 180 град  |     не найдено     |
|  79   |       89205        |      182       |    4     |        4        |  Поворот 180 град  |    [992, 1403]     |
|  80   |       89205        |       37       |    5     |        5        |  Поворот 180 град  |    [1730, 1390]    |
|  81   |       89205        |      274       |    31    |       27        |  Поворот 180 град  |    [2325, 1370]    |
|  82   |       89205        |      176       |    34    |       32        |  Поворот 180 град  |    [3063, 1331]    |
|  83   |       89205        |      420       |    47    |       43        |  Поворот 180 град  |    [3682, 1285]    |
|  84   |       89205        |      215       |    32    |       31        |  Поворот 180 град  |    [4376, 1263]    |
|  85   |       89205        |      366       |    69    |       66        |  Поворот 180 град  |    [1027, 2109]    |
|  86   |       89205        |       93       |    8     |        8        |  Поворот 180 град  |    [1646, 2062]    |
|  87   |       89205        |       64       |    32    |       24        |  Поворот 180 град  |    [2354, 2022]    |
|  88   |       89205        |      199       |    11    |       10        |  Поворот 180 град  |    [3074, 2013]    |
|  89   |       89205        |      195       |    10    |        8        |  Поворот 180 град  |    [3731, 1958]    |
|  90   |       89205        |       44       |    6     |        6        |  Поворот 180 град  |    [4451, 1969]    |
|  91   |       89205        |      153       |    14    |       13        |  Поворот 180 град  |    [1043, 2797]    |
|  92   |       89205        |      137       |    32    |       29        |  Поворот 180 град  |    [1683, 2757]    |
|  93   |       89205        |       21       |    5     |        3        |  Поворот 180 град  |    [2342, 2773]    |
|  94   |       89205        |      127       |    12    |       12        |  Поворот 180 град  |    [3082, 2640]    |
|  95   |       89205        |      205       |    27    |       26        |  Поворот 180 град  |    [3791, 2629]    |
|  96   |       89205        |       58       |    2     |        0        |  Поворот 180 град  |     не найдено     |
----------------------------------------------------------------------------------------------------------------------
|  97   |       89205        |      113       |    8     |        8        |    Яркость +30     |     [922, 732]     |
|  98   |       89205        |      126       |    0     |        0        |    Яркость +30     |     не найдено     |
|  99   |       89205        |       66       |    12    |       12        |    Яркость +30     |    [2281, 653]     |
|  100  |       89205        |      154       |    24    |       20        |    Яркость +30     |    [2999, 695]     |
|  101  |       89205        |      358       |    25    |       24        |    Яркость +30     |    [3671, 616]     |
|  102  |       89205        |      148       |    31    |        2        |    Яркость +30     |    [4081, 478]     |
|  103  |       89205        |      179       |    5     |        5        |    Яркость +30     |    [1013, 1402]    |
|  104  |       89205        |       30       |    7     |        7        |    Яркость +30     |    [1730, 1390]    |
|  105  |       89205        |      278       |    34    |       33        |    Яркость +30     |    [2331, 1370]    |
|  106  |       89205        |      166       |    23    |       23        |    Яркость +30     |    [3063, 1334]    |
|  107  |       89205        |      406       |    65    |       39        |    Яркость +30     |    [3679, 1299]    |
|  108  |       89205        |      211       |    34    |       31        |    Яркость +30     |    [4378, 1263]    |
|  109  |       89205        |      349       |    72    |       56        |    Яркость +30     |    [1033, 2113]    |
|  110  |       89205        |       98       |    8     |        8        |    Яркость +30     |    [1646, 2050]    |
|  111  |       89205        |       68       |    28    |       24        |    Яркость +30     |    [2354, 2022]    |
|  112  |       89205        |      209       |    15    |       11        |    Яркость +30     |    [3073, 2012]    |
|  113  |       89205        |      199       |    10    |       10        |    Яркость +30     |    [3731, 1955]    |
|  114  |       89205        |       36       |    3     |        3        |    Яркость +30     |    [4507, 1960]    |
|  115  |       89205        |      152       |    16    |       13        |    Яркость +30     |    [1058, 2760]    |
|  116  |       89205        |      143       |    33    |       28        |    Яркость +30     |    [1679, 2740]    |
|  117  |       89205        |       19       |    10    |        4        |    Яркость +30     |    [2568, 2306]    |
|  118  |       89205        |      130       |    9     |        9        |    Яркость +30     |    [3083, 2639]    |
|  119  |       89205        |      205       |    34    |       29        |    Яркость +30     |    [3797, 2627]    |
|  120  |       89205        |       65       |    2     |        0        |    Яркость +30     |     не найдено     |
----------------------------------------------------------------------------------------------------------------------
|  121  |       89205        |      236       |    5     |        5        |    Яркость -30     |     [876, 747]     |
|  122  |       89205        |      211       |    8     |        0        |    Яркость -30     |     не найдено     |
|  123  |       89205        |      106       |    11    |        8        |    Яркость -30     |    [2315, 678]     |
|  124  |       89205        |      166       |    25    |       19        |    Яркость -30     |    [3015, 695]     |
|  125  |       89205        |      433       |    19    |       17        |    Яркость -30     |    [3687, 612]     |
|  126  |       89205        |      146       |    26    |        2        |    Яркость -30     |    [4081, 478]     |
|  127  |       89205        |      216       |    5     |        5        |    Яркость -30     |    [1032, 1411]    |
|  128  |       89205        |       42       |    8     |        8        |    Яркость -30     |    [1730, 1390]    |
|  129  |       89205        |      286       |    35    |       34        |    Яркость -30     |    [2331, 1370]    |
|  130  |       89205        |      175       |    27    |       27        |    Яркость -30     |    [3063, 1334]    |
|  131  |       89205        |      420       |    66    |       36        |    Яркость -30     |    [3681, 1306]    |
|  132  |       89205        |      447       |    67    |        1        |    Яркость -30     |     не найдено     |
|  133  |       89205        |      367       |    73    |       54        |    Яркость -30     |    [1032, 2111]    |
|  134  |       89205        |      100       |    8     |        8        |    Яркость -30     |    [1646, 2062]    |
|  135  |       89205        |       66       |    29    |       25        |    Яркость -30     |    [2354, 2022]    |
|  136  |       89205        |      208       |    14    |       11        |    Яркость -30     |    [3073, 2012]    |
|  137  |       89205        |      249       |    8     |        8        |    Яркость -30     |    [3741, 1958]    |
|  138  |       89205        |      126       |    2     |        0        |    Яркость -30     |     не найдено     |
|  139  |       89205        |      199       |    17    |       15        |    Яркость -30     |    [1043, 2794]    |
|  140  |       89205        |      248       |    32    |       24        |    Яркость -30     |    [1683, 2740]    |
|  141  |       89205        |       45       |    0     |        0        |    Яркость -30     |     не найдено     |
|  142  |       89205        |      144       |    9     |        8        |    Яркость -30     |    [3094, 2639]    |
|  143  |       89205        |      238       |    35    |       32        |    Яркость -30     |    [3794, 2627]    |
|  144  |       89205        |      204       |    0     |        0        |    Яркость -30     |     не найдено     |
----------------------------------------------------------------------------------------------------------------------
|  145  |       89205        |      157       |    6     |        5        |  Добавление шумов  |     [949, 732]     |
|  146  |       89205        |      159       |    0     |        0        |  Добавление шумов  |     не найдено     |
|  147  |       89205        |       99       |    11    |       10        |  Добавление шумов  |    [2310, 678]     |
|  148  |       89205        |      236       |    24    |       13        |  Добавление шумов  |    [2970, 666]     |
|  149  |       89205        |      462       |    15    |       14        |  Добавление шумов  |    [3673, 617]     |
|  150  |       89205        |      195       |    15    |        5        |  Добавление шумов  |    [4288, 530]     |
|  151  |       89205        |      328       |    4     |        4        |  Добавление шумов  |    [992, 1409]     |
|  152  |       89205        |       89       |    3     |        3        |  Добавление шумов  |    [1720, 1356]    |
|  153  |       89205        |      378       |    23    |       17        |  Добавление шумов  |    [2363, 1359]    |
|  154  |       89205        |      339       |    19    |       19        |  Добавление шумов  |    [3078, 1334]    |
|  155  |       89205        |      538       |    39    |       28        |  Добавление шумов  |    [3705, 1297]    |
|  156  |       89205        |      262       |    19    |       19        |  Добавление шумов  |    [4394, 1249]    |
|  157  |       89205        |      427       |    54    |       53        |  Добавление шумов  |    [1032, 2100]    |
|  158  |       89205        |      123       |    13    |        5        |  Добавление шумов  |    [1635, 2078]    |
|  159  |       89205        |      222       |    15    |       15        |  Добавление шумов  |    [2344, 2028]    |
|  160  |       89205        |      246       |    2     |        0        |  Добавление шумов  |     не найдено     |
|  161  |       89205        |      350       |    6     |        3        |  Добавление шумов  |    [3734, 2009]    |
|  162  |       89205        |       59       |    4     |        4        |  Добавление шумов  |    [4502, 1917]    |
|  163  |       89205        |      219       |    17    |       16        |  Добавление шумов  |    [1043, 2797]    |
|  164  |       89205        |      192       |    24    |       21        |  Добавление шумов  |    [1679, 2746]    |
|  165  |       89205        |       56       |    3     |        3        |  Добавление шумов  |    [2342, 2773]    |
|  166  |       89205        |      193       |    5     |        5        |  Добавление шумов  |    [3122, 2646]    |
|  167  |       89205        |      278       |    25    |       25        |  Добавление шумов  |    [3799, 2640]    |
|  168  |       89205        |       82       |    2     |        0        |  Добавление шумов  |     не найдено     |
----------------------------------------------------------------------------------------------------------------------
|  169  |       89205        |       70       |    6     |        4        | Размытость (5, 5)  |     [979, 724]     |
|  170  |       89205        |       72       |    8     |        0        | Размытость (5, 5)  |     не найдено     |
|  171  |       89205        |       37       |    5     |        5        | Размытость (5, 5)  |    [2279, 683]     |
|  172  |       89205        |       66       |    9     |        0        | Размытость (5, 5)  |     не найдено     |
|  173  |       89205        |      216       |    9     |        9        | Размытость (5, 5)  |    [3687, 614]     |
|  174  |       89205        |       76       |    18    |        9        | Размытость (5, 5)  |    [4328, 510]     |
|  175  |       89205        |      103       |    3     |        1        | Размытость (5, 5)  |     не найдено     |
|  176  |       89205        |       18       |    4     |        4        | Размытость (5, 5)  |    [1720, 1356]    |
|  177  |       89205        |      105       |    9     |        9        | Размытость (5, 5)  |    [2342, 1343]    |
|  178  |       89205        |       84       |    25    |       11        | Размытость (5, 5)  |    [3080, 1338]    |
|  179  |       89205        |      215       |    24    |       22        | Размытость (5, 5)  |    [3684, 1300]    |
|  180  |       89205        |      106       |    21    |       19        | Размытость (5, 5)  |    [4422, 1246]    |
|  181  |       89205        |      205       |    35    |       33        | Размытость (5, 5)  |    [1032, 2111]    |
|  182  |       89205        |       54       |    4     |        4        | Размытость (5, 5)  |    [1683, 2040]    |
|  183  |       89205        |       42       |    14    |       14        | Размытость (5, 5)  |    [2344, 2021]    |
|  184  |       89205        |       59       |    7     |        7        | Размытость (5, 5)  |    [3076, 1974]    |
|  185  |       89205        |      107       |    29    |        4        | Размытость (5, 5)  |    [3654, 1858]    |
|  186  |       89205        |       22       |    5     |        4        | Размытость (5, 5)  |    [4435, 1929]    |
|  187  |       89205        |       90       |    14    |       12        | Размытость (5, 5)  |    [1050, 2761]    |
|  188  |       89205        |       88       |    13    |       13        | Размытость (5, 5)  |    [1684, 2757]    |
|  189  |       89205        |       8        |    20    |        0        | Размытость (5, 5)  |     не найдено     |
|  190  |       89205        |       55       |    3     |        3        | Размытость (5, 5)  |    [3110, 2645]    |
|  191  |       89205        |      116       |    25    |       23        | Размытость (5, 5)  |    [3789, 2631]    |
|  192  |       89205        |       28       |    0     |        0        | Размытость (5, 5)  |     не найдено     |
----------------------------------------------------------------------------------------------------------------------
Разница высот опорного изображения и области видимости: 20.0 раз.
Из 192 сравнений найдено координат: 162. процент нахождения - 84.4 %

----------------------------------------------------------------------------------------------------------------------

Имитация высоты полета на 12.0 м. Высота опорного изображения: 300 м.
----------------------------------------------------------------------------------------------------------------------
| номер | Кол-во КТ опорного | Кол-во КТ обл. | Кол-во   | Кол-во общих КТ | Вариант            | Положение на       |
| п/п   | изображения        | видимости      | общих КТ | после фильтра   | искажения          | опорном изображ.   |
----------------------------------------------------------------------------------------------------------------------
|   1   |       89205        |       64       |    5     |        5        |   Без искажений    |     [884, 735]     |
|   2   |       89205        |      106       |    0     |        0        |   Без искажений    |     не найдено     |
|   3   |       89205        |       61       |    10    |        7        |   Без искажений    |    [2257, 653]     |
|   4   |       89205        |      115       |    31    |       13        |   Без искажений    |    [2995, 666]     |
|   5   |       89205        |      287       |    17    |       15        |   Без искажений    |    [3642, 625]     |
|   6   |       89205        |      132       |    27    |        2        |   Без искажений    |    [3622, 468]     |
|   7   |       89205        |      126       |    6     |        6        |   Без искажений    |    [969, 1394]     |
|   8   |       89205        |       20       |    4     |        4        |   Без искажений    |    [1696, 1369]    |
|   9   |       89205        |      216       |    25    |       22        |   Без искажений    |    [2310, 1364]    |
|  10   |       89205        |      123       |    17    |       15        |   Без искажений    |    [3044, 1327]    |
|  11   |       89205        |      259       |    49    |       16        |   Без искажений    |    [3671, 1309]    |
|  12   |       89205        |      156       |    31    |       28        |   Без искажений    |    [4390, 1238]    |
|  13   |       89205        |      248       |    45    |       31        |   Без искажений    |    [1022, 2093]    |
|  14   |       89205        |       87       |    10    |        8        |   Без искажений    |    [1646, 2050]    |
|  15   |       89205        |       57       |    28    |       23        |   Без искажений    |    [2354, 2010]    |
|  16   |       89205        |      134       |    8     |        6        |   Без искажений    |    [3046, 1994]    |
|  17   |       89205        |      142       |    9     |        9        |   Без искажений    |    [3731, 1947]    |
|  18   |       89205        |       27       |    0     |        0        |   Без искажений    |     не найдено     |
|  19   |       89205        |      116       |    12    |       11        |   Без искажений    |    [1025, 2751]    |
|  20   |       89205        |      138       |    31    |       26        |   Без искажений    |    [1671, 2749]    |
|  21   |       89205        |       16       |    1     |        0        |   Без искажений    |     не найдено     |
|  22   |       89205        |      110       |    19    |        8        |   Без искажений    |    [3094, 2639]    |
|  23   |       89205        |      119       |    23    |       19        |   Без искажений    |    [3771, 2615]    |
|  24   |       89205        |       46       |    1     |        0        |   Без искажений    |     не найдено     |
----------------------------------------------------------------------------------------------------------------------
|  25   |       89205        |       59       |    7     |        0        |  Поворот 60 град   |     не найдено     |
|  26   |       89205        |      105       |    0     |        0        |  Поворот 60 град   |     не найдено     |
|  27   |       89205        |       58       |    8     |        7        |  Поворот 60 град   |    [2282, 683]     |
|  28   |       89205        |       90       |    10    |        8        |  Поворот 60 град   |    [2995, 664]     |
|  29   |       89205        |      211       |    9     |        9        |  Поворот 60 град   |    [3675, 620]     |
|  30   |       89205        |       93       |    8     |        5        |  Поворот 60 град   |    [4283, 534]     |
|  31   |       89205        |       93       |    3     |        3        |  Поворот 60 град   |    [929, 1396]     |
|  32   |       89205        |       12       |    1     |        0        |  Поворот 60 град   |     не найдено     |
|  33   |       89205        |      136       |    13    |       13        |  Поворот 60 град   |    [2329, 1358]    |
|  34   |       89205        |       96       |    14    |        9        |  Поворот 60 град   |    [3038, 1329]    |
|  35   |       89205        |      149       |    21    |       13        |  Поворот 60 град   |    [3714, 1308]    |
|  36   |       89205        |      138       |    25    |       25        |  Поворот 60 град   |    [4390, 1238]    |
|  37   |       89205        |      213       |    24    |       20        |  Поворот 60 град   |    [1014, 2091]    |
|  38   |       89205        |       70       |    6     |        6        |  Поворот 60 град   |    [1671, 2042]    |
|  39   |       89205        |       49       |    14    |       10        |  Поворот 60 град   |    [2335, 2006]    |
|  40   |       89205        |       83       |    5     |        5        |  Поворот 60 град   |    [3020, 2002]    |
|  41   |       89205        |      122       |    8     |        7        |  Поворот 60 град   |    [3731, 1964]    |
|  42   |       89205        |       38       |    0     |        0        |  Поворот 60 град   |     не найдено     |
|  43   |       89205        |       94       |    11    |       11        |  Поворот 60 град   |    [1011, 2751]    |
|  44   |       89205        |      120       |    18    |       14        |  Поворот 60 град   |    [1676, 2731]    |
|  45   |       89205        |       12       |    2     |        0        |  Поворот 60 град   |     не найдено     |
|  46   |       89205        |       82       |    5     |        4        |  Поворот 60 град   |    [3098, 2644]    |
|  47   |       89205        |       85       |    11    |        8        |  Поворот 60 град   |    [3756, 2639]    |
|  48   |       89205        |       31       |    0     |        0        |  Поворот 60 град   |     не найдено     |
----------------------------------------------------------------------------------------------------------------------
|  49   |       89205        |       57       |    3     |        3        | Поворот -120 град  |     [873, 734]     |
|  50   |       89205        |       96       |    2     |        0        | Поворот -120 град  |     не найдено     |
|  51   |       89205        |       54       |    5     |        5        | Поворот -120 град  |    [2293, 683]     |
|  52   |       89205        |       95       |    14    |       10        | Поворот -120 град  |    [2995, 664]     |
|  53   |       89205        |      216       |    10    |       10        | Поворот -120 град  |    [3655, 621]     |
|  54   |       89205        |      101       |    6     |        6        | Поворот -120 град  |    [4268, 516]     |
|  55   |       89205        |       89       |    3     |        0        | Поворот -120 град  |     не найдено     |
|  56   |       89205        |       8        |    1     |        0        | Поворот -120 град  |     не найдено     |
|  57   |       89205        |      130       |    14    |       13        | Поворот -120 град  |    [2330, 1353]    |
|  58   |       89205        |       93       |    10    |        8        | Поворот -120 град  |    [3047, 1329]    |
|  59   |       89205        |      160       |    22    |       14        | Поворот -120 град  |    [3714, 1287]    |
|  60   |       89205        |      141       |    29    |       29        | Поворот -120 град  |    [4390, 1242]    |
|  61   |       89205        |      211       |    29    |       22        | Поворот -120 град  |    [1014, 2095]    |
|  62   |       89205        |       65       |    5     |        5        | Поворот -120 град  |    [1671, 2042]    |
|  63   |       89205        |       52       |    21    |       12        | Поворот -120 град  |    [2335, 2016]    |
|  64   |       89205        |       86       |    4     |        4        | Поворот -120 град  |    [3020, 2002]    |
|  65   |       89205        |      127       |    8     |        7        | Поворот -120 град  |    [3740, 1947]    |
|  66   |       89205        |       36       |    1     |        0        | Поворот -120 град  |     не найдено     |
|  67   |       89205        |       91       |    13    |       13        | Поворот -120 град  |    [1011, 2752]    |
|  68   |       89205        |      124       |    21    |       17        | Поворот -120 град  |    [1676, 2730]    |
|  69   |       89205        |       13       |    1     |        0        | Поворот -120 град  |     не найдено     |
|  70   |       89205        |       86       |    23    |        0        | Поворот -120 град  |     не найдено     |
|  71   |       89205        |       82       |    24    |        6        | Поворот -120 град  |    [3725, 2617]    |
|  72   |       89205        |       37       |    0     |        0        | Поворот -120 град  |     не найдено     |
----------------------------------------------------------------------------------------------------------------------
|  73   |       89205        |       76       |    6     |        5        |  Поворот 180 град  |     [873, 735]     |
|  74   |       89205        |      123       |    1     |        0        |  Поворот 180 град  |     не найдено     |
|  75   |       89205        |       69       |    12    |       11        |  Поворот 180 град  |    [2270, 651]     |
|  76   |       89205        |      110       |    21    |        9        |  Поворот 180 град  |    [2979, 681]     |
|  77   |       89205        |      292       |    14    |       11        |  Поворот 180 град  |    [3642, 620]     |
|  78   |       89205        |      131       |    35    |        1        |  Поворот 180 град  |     не найдено     |
|  79   |       89205        |      131       |    5     |        3        |  Поворот 180 град  |    [932, 1375]     |
|  80   |       89205        |       24       |    4     |        4        |  Поворот 180 град  |    [1696, 1369]    |
|  81   |       89205        |      215       |    22    |       19        |  Поворот 180 град  |    [2311, 1353]    |
|  82   |       89205        |      139       |    30    |       14        |  Поворот 180 град  |    [3044, 1327]    |
|  83   |       89205        |      278       |    32    |       16        |  Поворот 180 град  |    [3589, 1263]    |
|  84   |       89205        |      146       |    27    |       26        |  Поворот 180 град  |    [4412, 1242]    |
|  85   |       89205        |      244       |    40    |       32        |  Поворот 180 град  |    [1016, 2091]    |
|  86   |       89205        |       81       |    6     |        6        |  Поворот 180 град  |    [1635, 2062]    |
|  87   |       89205        |       56       |    25    |       19        |  Поворот 180 град  |    [2354, 2010]    |
|  88   |       89205        |      122       |    4     |        3        |  Поворот 180 град  |    [3089, 1992]    |
|  89   |       89205        |      143       |    7     |        7        |  Поворот 180 град  |    [3731, 1947]    |
|  90   |       89205        |       28       |    0     |        0        |  Поворот 180 град  |     не найдено     |
|  91   |       89205        |      118       |    15    |       14        |  Поворот 180 град  |    [1030, 2752]    |
|  92   |       89205        |      136       |    30    |       25        |  Поворот 180 град  |    [1675, 2749]    |
|  93   |       89205        |       16       |    1     |        0        |  Поворот 180 град  |     не найдено     |
|  94   |       89205        |      112       |    17    |       12        |  Поворот 180 град  |    [3082, 2640]    |
|  95   |       89205        |      126       |    20    |       18        |  Поворот 180 град  |    [3774, 2615]    |
|  96   |       89205        |       45       |    1     |        0        |  Поворот 180 град  |     не найдено     |
----------------------------------------------------------------------------------------------------------------------
|  97   |       89205        |       64       |    5     |        5        |    Яркость +30     |     [884, 735]     |
|  98   |       89205        |      106       |    0     |        0        |    Яркость +30     |     не найдено     |
|  99   |       89205        |       61       |    10    |        7        |    Яркость +30     |    [2257, 653]     |
|  100  |       89205        |      115       |    31    |       13        |    Яркость +30     |    [2995, 666]     |
|  101  |       89205        |      288       |    17    |       15        |    Яркость +30     |    [3642, 625]     |
|  102  |       89205        |      132       |    27    |        2        |    Яркость +30     |    [3622, 468]     |
|  103  |       89205        |      126       |    6     |        6        |    Яркость +30     |    [969, 1394]     |
|  104  |       89205        |       20       |    4     |        4        |    Яркость +30     |    [1696, 1369]    |
|  105  |       89205        |      214       |    25    |       22        |    Яркость +30     |    [2310, 1364]    |
|  106  |       89205        |      120       |    13    |       10        |    Яркость +30     |    [3044, 1329]    |
|  107  |       89205        |      254       |    52    |       16        |    Яркость +30     |    [3671, 1309]    |
|  108  |       89205        |      156       |    31    |       28        |    Яркость +30     |    [4390, 1238]    |
|  109  |       89205        |      248       |    45    |       31        |    Яркость +30     |    [1022, 2093]    |
|  110  |       89205        |       87       |    10    |        8        |    Яркость +30     |    [1646, 2050]    |
|  111  |       89205        |       57       |    28    |       23        |    Яркость +30     |    [2354, 2010]    |
|  112  |       89205        |      135       |    8     |        6        |    Яркость +30     |    [3046, 1994]    |
|  113  |       89205        |      142       |    9     |        9        |    Яркость +30     |    [3731, 1947]    |
|  114  |       89205        |       27       |    0     |        0        |    Яркость +30     |     не найдено     |
|  115  |       89205        |      116       |    12    |       11        |    Яркость +30     |    [1025, 2751]    |
|  116  |       89205        |      138       |    31    |       26        |    Яркость +30     |    [1671, 2749]    |
|  117  |       89205        |       16       |    1     |        0        |    Яркость +30     |     не найдено     |
|  118  |       89205        |      110       |    19    |        8        |    Яркость +30     |    [3094, 2639]    |
|  119  |       89205        |      125       |    26    |       21        |    Яркость +30     |    [3771, 2618]    |
|  120  |       89205        |       46       |    1     |        0        |    Яркость +30     |     не найдено     |
----------------------------------------------------------------------------------------------------------------------
|  121  |       89205        |      149       |    3     |        3        |    Яркость -30     |     [876, 737]     |
|  122  |       89205        |      156       |    14    |        0        |    Яркость -30     |     не найдено     |
|  123  |       89205        |      101       |    9     |        5        |    Яркость -30     |    [2258, 664]     |
|  124  |       89205        |      126       |    28    |       13        |    Яркость -30     |    [2997, 683]     |
|  125  |       89205        |      338       |    15    |       12        |    Яркость -30     |    [3662, 602]     |
|  126  |       89205        |      130       |    21    |        2        |    Яркость -30     |    [3622, 468]     |
|  127  |       89205        |      158       |    5     |        4        |    Яркость -30     |    [1004, 1409]    |
|  128  |       89205        |       25       |    4     |        4        |    Яркость -30     |    [1696, 1369]    |
|  129  |       89205        |      222       |    25    |       22        |    Яркость -30     |    [2310, 1364]    |
|  130  |       89205        |      135       |    16    |       16        |    Яркость -30     |    [3044, 1327]    |
|  131  |       89205        |      271       |    50    |       17        |    Яркость -30     |    [3672, 1308]    |
|  132  |       89205        |      311       |    14    |       13        |    Яркость -30     |    [4390, 1255]    |
|  133  |       89205        |      261       |    48    |       28        |    Яркость -30     |    [1020, 2089]    |
|  134  |       89205        |       88       |    9     |        8        |    Яркость -30     |    [1646, 2062]    |
|  135  |       89205        |       54       |    28    |       23        |    Яркость -30     |    [2354, 2010]    |
|  136  |       89205        |      134       |    8     |        5        |    Яркость -30     |    [3063, 1988]    |
|  137  |       89205        |      196       |    6     |        6        |    Яркость -30     |    [3741, 1947]    |
|  138  |       89205        |      104       |    0     |        0        |    Яркость -30     |     не найдено     |
|  139  |       89205        |      151       |    9     |        9        |    Яркость -30     |    [1050, 2752]    |
|  140  |       89205        |      164       |    29    |       16        |    Яркость -30     |    [1627, 2740]    |
|  141  |       89205        |       28       |    60    |        0        |    Яркость -30     |     не найдено     |
|  142  |       89205        |      124       |    18    |        8        |    Яркость -30     |    [3094, 2639]    |
|  143  |       89205        |      132       |    26    |       22        |    Яркость -30     |    [3775, 2615]    |
|  144  |       89205        |      126       |    0     |        0        |    Яркость -30     |     не найдено     |
----------------------------------------------------------------------------------------------------------------------
|  145  |       89205        |       79       |    9     |        8        |  Добавление шумов  |     [929, 724]     |
|  146  |       89205        |      160       |   104    |        9        |  Добавление шумов  |    [3462, 2112]    |
|  147  |       89205        |       92       |    9     |        5        |  Добавление шумов  |    [2198, 661]     |
|  148  |       89205        |      199       |    15    |       12        |  Добавление шумов  |    [3013, 684]     |
|  149  |       89205        |      398       |    10    |       10        |  Добавление шумов  |    [3685, 599]     |
|  150  |       89205        |      187       |    18    |       10        |  Добавление шумов  |    [4295, 511]     |
|  151  |       89205        |      262       |    6     |        5        |  Добавление шумов  |    [919, 1400]     |
|  152  |       89205        |       61       |    3     |        3        |  Добавление шумов  |    [1696, 1354]    |
|  153  |       89205        |      242       |    8     |        6        |  Добавление шумов  |    [2327, 1358]    |
|  154  |       89205        |      281       |    12    |       12        |  Добавление шумов  |    [3056, 1341]    |
|  155  |       89205        |      335       |    24    |       15        |  Добавление шумов  |    [3717, 1291]    |
|  156  |       89205        |      190       |    14    |       14        |  Добавление шумов  |    [4418, 1237]    |
|  157  |       89205        |      343       |    29    |       28        |  Добавление шумов  |    [1014, 2095]    |
|  158  |       89205        |       84       |    4     |        4        |  Добавление шумов  |    [1646, 2067]    |
|  159  |       89205        |      149       |    17    |       17        |  Добавление шумов  |    [2338, 2016]    |
|  160  |       89205        |      164       |    1     |        0        |  Добавление шумов  |     не найдено     |
|  161  |       89205        |      233       |    8     |        8        |  Добавление шумов  |    [3730, 1965]    |
|  162  |       89205        |       46       |    0     |        0        |  Добавление шумов  |     не найдено     |
|  163  |       89205        |      171       |    12    |       12        |  Добавление шумов  |    [1030, 2752]    |
|  164  |       89205        |      199       |    29    |       28        |  Добавление шумов  |    [1683, 2740]    |
|  165  |       89205        |       23       |    1     |        0        |  Добавление шумов  |     не найдено     |
|  166  |       89205        |      180       |    7     |        6        |  Добавление шумов  |    [3124, 2638]    |
|  167  |       89205        |      171       |    19    |       18        |  Добавление шумов  |    [3772, 2624]    |
|  168  |       89205        |       61       |    0     |        0        |  Добавление шумов  |     не найдено     |
----------------------------------------------------------------------------------------------------------------------
|  169  |       89205        |       34       |    2     |        0        | Размытость (5, 5)  |     не найдено     |
|  170  |       89205        |       61       |    8     |        0        | Размытость (5, 5)  |     не найдено     |
|  171  |       89205        |       36       |    5     |        4        | Размытость (5, 5)  |    [2267, 687]     |
|  172  |       89205        |       51       |    8     |        5        | Размытость (5, 5)  |    [2971, 664]     |
|  173  |       89205        |      185       |    6     |        6        | Размытость (5, 5)  |    [3682, 602]     |
|  174  |       89205        |       69       |    17    |        8        | Размытость (5, 5)  |    [4295, 510]     |
|  175  |       89205        |       68       |    2     |        0        | Размытость (5, 5)  |     не найдено     |
|  176  |       89205        |       13       |    2     |        0        | Размытость (5, 5)  |     не найдено     |
|  177  |       89205        |       79       |    7     |        5        | Размытость (5, 5)  |    [2317, 1367]    |
|  178  |       89205        |       60       |    21    |        1        | Размытость (5, 5)  |     не найдено     |
|  179  |       89205        |      142       |    17    |       10        | Размытость (5, 5)  |    [3710, 1308]    |
|  180  |       89205        |       88       |    19    |       17        | Размытость (5, 5)  |    [4390, 1238]    |
|  181  |       89205        |      155       |    14    |       12        | Размытость (5, 5)  |    [1036, 2094]    |
|  182  |       89205        |       51       |    5     |        5        | Размытость (5, 5)  |    [1636, 2067]    |
|  183  |       89205        |       34       |    14    |       13        | Размытость (5, 5)  |    [2344, 2009]    |
|  184  |       89205        |       32       |    3     |        3        | Размытость (5, 5)  |    [3038, 2000]    |
|  185  |       89205        |       77       |    29    |        4        | Размытость (5, 5)  |    [3668, 1487]    |
|  186  |       89205        |       20       |    1     |        0        | Размытость (5, 5)  |     не найдено     |
|  187  |       89205        |       72       |    11    |       11        | Размытость (5, 5)  |    [1025, 2754]    |
|  188  |       89205        |       85       |    12    |       11        | Размытость (5, 5)  |    [1684, 2754]    |
|  189  |       89205        |       6        |    0     |        0        | Размытость (5, 5)  |     не найдено     |
|  190  |       89205        |       51       |    3     |        3        | Размытость (5, 5)  |    [3110, 2645]    |
|  191  |       89205        |       66       |    19    |       18        | Размытость (5, 5)  |    [3766, 2632]    |
|  192  |       89205        |       26       |    0     |        0        | Размытость (5, 5)  |     не найдено     |
----------------------------------------------------------------------------------------------------------------------
Разница высот опорного изображения и области видимости: 25.0 раз.
Из 192 сравнений найдено координат: 150. процент нахождения - 78.1 %

----------------------------------------------------------------------------------------------------------------------


Время выполнения программы: 1 мин. 11 сек.
Из 704 сравнений найдено координат: 630. Средний процент нахождения - 89.5 %


Имитация высоты полета на 30.0 м. Разница высот с опорным изображением в 10.0 раз.
----------------------------------------------------------------------------------------------------------------------------------------------------------------------
|            |  Без искажений   | Поворот 60 град  |Поворот -120 град | Поворот 180 град |   Яркость +30    |   Яркость -30    | Добавление шумов |Размытость (5, 5) |
----------------------------------------------------------------------------------------------------------------------------------------------------------------------
| Найдено %  | 100 % (20 из 20) | 100 % (20 из 20) | 100 % (20 из 20) | 100 % (20 из 20) | 100 % (20 из 20) | 100 % (20 из 20) | 100 % (20 из 20) | 100 % (20 из 20) |
----------------------------------------------------------------------------------------------------------------------------------------------------------------------


Имитация высоты полета на 20.0 м. Разница высот с опорным изображением в 15.0 раз.
----------------------------------------------------------------------------------------------------------------------------------------------------------------------
|            |  Без искажений   | Поворот 60 град  |Поворот -120 град | Поворот 180 град |   Яркость +30    |   Яркость -30    | Добавление шумов |Размытость (5, 5) |
----------------------------------------------------------------------------------------------------------------------------------------------------------------------
| Найдено %  | 100 % (20 из 20) | 100 % (20 из 20) | 95 % (19 из 20)  | 100 % (20 из 20) | 100 % (20 из 20) | 100 % (20 из 20) | 100 % (20 из 20) | 95 % (19 из 20)  |
----------------------------------------------------------------------------------------------------------------------------------------------------------------------


Имитация высоты полета на 15.0 м. Разница высот с опорным изображением в 20.0 раз.
----------------------------------------------------------------------------------------------------------------------------------------------------------------------
|            |  Без искажений   | Поворот 60 град  |Поворот -120 град | Поворот 180 град |   Яркость +30    |   Яркость -30    | Добавление шумов |Размытость (5, 5) |
----------------------------------------------------------------------------------------------------------------------------------------------------------------------
| Найдено %  | 91 % (22 из 24)  | 83 % (20 из 24)  | 75 % (18 из 24)  | 87 % (21 из 24)  | 91 % (22 из 24)  | 79 % (19 из 24)  | 87 % (21 из 24)  | 79 % (19 из 24)  |
----------------------------------------------------------------------------------------------------------------------------------------------------------------------


Имитация высоты полета на 12.0 м. Разница высот с опорным изображением в 25.0 раз.
----------------------------------------------------------------------------------------------------------------------------------------------------------------------
|            |  Без искажений   | Поворот 60 град  |Поворот -120 град | Поворот 180 град |   Яркость +30    |   Яркость -30    | Добавление шумов |Размытость (5, 5) |
----------------------------------------------------------------------------------------------------------------------------------------------------------------------
| Найдено %  | 83 % (20 из 24)  | 75 % (18 из 24)  | 70 % (17 из 24)  | 79 % (19 из 24)  | 83 % (20 из 24)  | 83 % (20 из 24)  | 83 % (20 из 24)  | 66 % (16 из 24)  |
----------------------------------------------------------------------------------------------------------------------------------------------------------------------
