			Протокол прохода WK_00002-1 над изображением WK_00003 с шагом 1000 пикселей.


Имитация высоты полета на 30.0 м. Высота опорного изображения: 300 м.
----------------------------------------------------------------------------------------------------------------------
| номер | Кол-во КТ опорного | Кол-во КТ обл. | Кол-во   | Кол-во общих КТ | Вариант            | Положение на       |
| п/п   | изображения        | видимости      | общих КТ | после фильтра   | искажения          | опорном изображ.   |
----------------------------------------------------------------------------------------------------------------------
|   1   |       89205        |      390       |    34    |       31        |   Без искажений    |    [1112, 775]     |
|   2   |       89205        |      405       |    47    |       37        |   Без искажений    |    [2088, 739]     |
|   3   |       89205        |      506       |    68    |       61        |   Без искажений    |    [3008, 715]     |
|   4   |       89205        |      472       |    82    |        1        |   Без искажений    |     не найдено     |
|   5   |       89205        |      702       |   107    |       104       |   Без искажений    |    [1167, 1781]    |
|   6   |       89205        |      747       |   105    |       101       |   Без искажений    |    [2114, 1730]    |
|   7   |       89205        |      628       |    76    |       76        |   Без искажений    |    [3066, 1672]    |
|   8   |       89205        |      431       |    50    |       41        |   Без искажений    |    [4107, 1587]    |
----------------------------------------------------------------------------------------------------------------------
|   9   |       89205        |      276       |    19    |       18        |  Поворот 60 град   |    [1035, 774]     |
|  10   |       89205        |      323       |    22    |       21        |  Поворот 60 град   |    [2169, 737]     |
|  11   |       89205        |      280       |    26    |       24        |  Поворот 60 град   |    [2989, 736]     |
|  12   |       89205        |      363       |    18    |       17        |  Поворот 60 град   |    [4022, 596]     |
|  13   |       89205        |      466       |    64    |       64        |  Поворот 60 град   |    [1149, 1792]    |
|  14   |       89205        |      537       |    70    |       68        |  Поворот 60 град   |    [2120, 1733]    |
|  15   |       89205        |      300       |    27    |       27        |  Поворот 60 град   |    [3087, 1685]    |
|  16   |       89205        |      247       |    33    |       19        |  Поворот 60 град   |    [4012, 1567]    |
----------------------------------------------------------------------------------------------------------------------
|  17   |       89205        |      276       |    18    |       17        | Поворот -120 град  |    [1067, 774]     |
|  18   |       89205        |      318       |    20    |       19        | Поворот -120 град  |    [2019, 736]     |
|  19   |       89205        |      280       |    31    |       30        | Поворот -120 град  |    [2988, 740]     |
|  20   |       89205        |      343       |    13    |       12        | Поворот -120 град  |    [4025, 634]     |
|  21   |       89205        |      467       |    65    |       64        | Поворот -120 град  |    [1149, 1798]    |
|  22   |       89205        |      544       |    69    |       68        | Поворот -120 град  |    [2120, 1732]    |
|  23   |       89205        |      291       |    30    |       29        | Поворот -120 град  |    [3087, 1690]    |
|  24   |       89205        |      265       |    26    |       22        | Поворот -120 град  |    [4025, 1592]    |
----------------------------------------------------------------------------------------------------------------------
|  25   |       89205        |      376       |    26    |       23        |  Поворот 180 град  |    [1112, 775]     |
|  26   |       89205        |      411       |    45    |       37        |  Поворот 180 град  |    [2088, 739]     |
|  27   |       89205        |      498       |    65    |       57        |  Поворот 180 град  |    [2965, 706]     |
|  28   |       89205        |      474       |    29    |       25        |  Поворот 180 град  |    [4073, 624]     |
|  29   |       89205        |      723       |   105    |       103       |  Поворот 180 град  |    [1173, 1781]    |
|  30   |       89205        |      746       |    87    |       85        |  Поворот 180 град  |    [2113, 1740]    |
|  31   |       89205        |      631       |    69    |       63        |  Поворот 180 град  |    [3083, 1673]    |
|  32   |       89205        |      443       |    43    |       35        |  Поворот 180 град  |    [4093, 1587]    |
----------------------------------------------------------------------------------------------------------------------
|  33   |       89205        |      390       |    34    |       31        |    Яркость +30     |    [1112, 775]     |
|  34   |       89205        |      405       |    47    |       37        |    Яркость +30     |    [2088, 739]     |
|  35   |       89205        |      504       |    67    |       59        |    Яркость +30     |    [3001, 715]     |
|  36   |       89205        |      472       |    82    |        1        |    Яркость +30     |     не найдено     |
|  37   |       89205        |      701       |   107    |       104       |    Яркость +30     |    [1167, 1781]    |
|  38   |       89205        |      748       |   106    |       100       |    Яркость +30     |    [2106, 1736]    |
|  39   |       89205        |      636       |    76    |       76        |    Яркость +30     |    [3066, 1672]    |
|  40   |       89205        |      436       |    50    |       41        |    Яркость +30     |    [4107, 1587]    |
----------------------------------------------------------------------------------------------------------------------
|  41   |       89205        |      632       |    19    |       15        |    Яркость -30     |    [1112, 789]     |
|  42   |       89205        |      550       |    40    |       33        |    Яркость -30     |    [2088, 739]     |
|  43   |       89205        |      558       |    68    |       64        |    Яркость -30     |    [3011, 715]     |
|  44   |       89205        |      579       |    25    |       22        |    Яркость -30     |    [4092, 587]     |
|  45   |       89205        |      721       |   104    |       100       |    Яркость -30     |    [1167, 1788]    |
|  46   |       89205        |      751       |   105    |       102       |    Яркость -30     |    [2106, 1730]    |
|  47   |       89205        |      665       |    62    |       62        |    Яркость -30     |    [3066, 1684]    |
|  48   |       89205        |      582       |    44    |       31        |    Яркость -30     |    [3984, 1622]    |
----------------------------------------------------------------------------------------------------------------------
|  49   |       89205        |      573       |    32    |       30        |  Добавление шумов  |    [1109, 777]     |
|  50   |       89205        |      478       |    35    |       30        |  Добавление шумов  |    [2097, 745]     |
|  51   |       89205        |      757       |    40    |       36        |  Добавление шумов  |    [2968, 736]     |
|  52   |       89205        |      620       |    22    |       19        |  Добавление шумов  |    [4084, 584]     |
|  53   |       89205        |      940       |    75    |       73        |  Добавление шумов  |    [1201, 1784]    |
|  54   |       89205        |      948       |    84    |       82        |  Добавление шумов  |    [2124, 1737]    |
|  55   |       89205        |      832       |    49    |       49        |  Добавление шумов  |    [3064, 1677]    |
|  56   |       89205        |      693       |    40    |       31        |  Добавление шумов  |    [4108, 1585]    |
----------------------------------------------------------------------------------------------------------------------
|  57   |       89205        |      227       |    28    |       27        | Размытость (5, 5)  |    [1107, 779]     |
|  58   |       89205        |      177       |    21    |       18        | Размытость (5, 5)  |    [2097, 744]     |
|  59   |       89205        |      237       |    26    |       22        | Размытость (5, 5)  |    [2930, 709]     |
|  60   |       89205        |      223       |    14    |       12        | Размытость (5, 5)  |    [4084, 577]     |
|  61   |       89205        |      395       |    55    |       52        | Размытость (5, 5)  |    [1204, 1786]    |
|  62   |       89205        |      337       |    58    |       56        | Размытость (5, 5)  |    [2126, 1736]    |
|  63   |       89205        |      255       |    27    |       25        | Размытость (5, 5)  |    [3025, 1693]    |
|  64   |       89205        |      219       |    37    |       15        | Размытость (5, 5)  |    [3970, 1633]    |
----------------------------------------------------------------------------------------------------------------------
Разница высот опорного изображения и области видимости: 10.0 раз.
Из 64 сравнений найдено координат: 62. процент нахождения - 96.9 %

----------------------------------------------------------------------------------------------------------------------

Имитация высоты полета на 20.0 м. Высота опорного изображения: 300 м.
----------------------------------------------------------------------------------------------------------------------
| номер | Кол-во КТ опорного | Кол-во КТ обл. | Кол-во   | Кол-во общих КТ | Вариант            | Положение на       |
| п/п   | изображения        | видимости      | общих КТ | после фильтра   | искажения          | опорном изображ.   |
----------------------------------------------------------------------------------------------------------------------
|   1   |       89205        |      175       |    9     |        8        |   Без искажений    |    [1013, 731]     |
|   2   |       89205        |      252       |    18    |       12        |   Без искажений    |    [1845, 719]     |
|   3   |       89205        |      209       |    36    |       28        |   Без искажений    |    [2894, 655]     |
|   4   |       89205        |      182       |    79    |        2        |   Без искажений    |    [2982, 1705]    |
|   5   |       89205        |      316       |    51    |       49        |   Без искажений    |    [1059, 1724]    |
|   6   |       89205        |      376       |    41    |       26        |   Без искажений    |    [2062, 1671]    |
|   7   |       89205        |      157       |    33    |       30        |   Без искажений    |    [2957, 1632]    |
|   8   |       89205        |      241       |    21    |       18        |   Без искажений    |    [3867, 1586]    |
----------------------------------------------------------------------------------------------------------------------
|   9   |       89205        |      104       |    10    |        7        |  Поворот 60 град   |     [948, 724]     |
|  10   |       89205        |       90       |    2     |        0        |  Поворот 60 град   |     не найдено     |
|  11   |       89205        |      133       |    12    |        8        |  Поворот 60 град   |    [2934, 687]     |
|  12   |       89205        |      140       |    23    |        0        |  Поворот 60 град   |     не найдено     |
|  13   |       89205        |      200       |    29    |       27        |  Поворот 60 град   |    [1060, 1741]    |
|  14   |       89205        |      254       |    16    |       11        |  Поворот 60 град   |    [2085, 1739]    |
|  15   |       89205        |       72       |    13    |       10        |  Поворот 60 град   |    [2947, 1623]    |
|  16   |       89205        |      144       |    13    |       10        |  Поворот 60 град   |    [3905, 1541]    |
----------------------------------------------------------------------------------------------------------------------
|  17   |       89205        |      108       |    6     |        0        | Поворот -120 град  |     не найдено     |
|  18   |       89205        |       99       |    3     |        3        | Поворот -120 град  |    [1910, 692]     |
|  19   |       89205        |      133       |    10    |        8        | Поворот -120 град  |    [2939, 678]     |
|  20   |       89205        |      128       |    63    |        0        | Поворот -120 град  |     не найдено     |
|  21   |       89205        |      190       |    30    |       26        | Поворот -120 град  |    [1060, 1741]    |
|  22   |       89205        |      257       |    18    |       17        | Поворот -120 град  |    [2063, 1693]    |
|  23   |       89205        |       81       |    10    |        9        | Поворот -120 град  |    [2947, 1623]    |
|  24   |       89205        |      158       |    14    |       13        | Поворот -120 град  |    [3902, 1546]    |
----------------------------------------------------------------------------------------------------------------------
|  25   |       89205        |      173       |    6     |        5        |  Поворот 180 град  |     [949, 732]     |
|  26   |       89205        |      261       |    18    |       13        |  Поворот 180 град  |    [1936, 696]     |
|  27   |       89205        |      205       |    33    |       23        |  Поворот 180 град  |    [2885, 651]     |
|  28   |       89205        |      183       |    13    |       11        |  Поворот 180 град  |    [3854, 640]     |
|  29   |       89205        |      311       |    51    |       50        |  Поворот 180 град  |    [1059, 1724]    |
|  30   |       89205        |      380       |    28    |       24        |  Поворот 180 град  |    [2063, 1682]    |
|  31   |       89205        |      146       |    30    |       21        |  Поворот 180 град  |    [2971, 1637]    |
|  32   |       89205        |      253       |    15    |       14        |  Поворот 180 град  |    [3867, 1562]    |
----------------------------------------------------------------------------------------------------------------------
|  33   |       89205        |      175       |    9     |        8        |    Яркость +30     |    [1013, 731]     |
|  34   |       89205        |      252       |    18    |       12        |    Яркость +30     |    [1845, 719]     |
|  35   |       89205        |      209       |    36    |       28        |    Яркость +30     |    [2894, 655]     |
|  36   |       89205        |      182       |    79    |        2        |    Яркость +30     |    [2982, 1705]    |
|  37   |       89205        |      316       |    51    |       49        |    Яркость +30     |    [1059, 1724]    |
|  38   |       89205        |      375       |    41    |       25        |    Яркость +30     |    [2062, 1671]    |
|  39   |       89205        |      155       |    32    |       29        |    Яркость +30     |    [2957, 1632]    |
|  40   |       89205        |      243       |    21    |       18        |    Яркость +30     |    [3867, 1586]    |
----------------------------------------------------------------------------------------------------------------------
|  41   |       89205        |      296       |    7     |        5        |    Яркость -30     |     [958, 768]     |
|  42   |       89205        |      375       |    15    |        9        |    Яркость -30     |    [1853, 696]     |
|  43   |       89205        |      242       |    36    |       29        |    Яркость -30     |    [2889, 655]     |
|  44   |       89205        |      253       |    16    |        7        |    Яркость -30     |    [3854, 635]     |
|  45   |       89205        |      321       |    52    |       49        |    Яркость -30     |    [1059, 1723]    |
|  46   |       89205        |      379       |    39    |       39        |    Яркость -30     |    [2019, 1686]    |
|  47   |       89205        |      173       |    25    |       18        |    Яркость -30     |    [2982, 1641]    |
|  48   |       89205        |      291       |    29    |       25        |    Яркость -30     |    [3915, 1592]    |
----------------------------------------------------------------------------------------------------------------------
|  49   |       89205        |      235       |    8     |        7        |  Добавление шумов  |     [995, 735]     |
|  50   |       89205        |      290       |    16    |       10        |  Добавление шумов  |    [1851, 683]     |
|  51   |       89205        |      331       |    24    |       21        |  Добавление шумов  |    [2897, 662]     |
|  52   |       89205        |      249       |    16    |       12        |  Добавление шумов  |    [3854, 630]     |
|  53   |       89205        |      416       |    44    |       44        |  Добавление шумов  |    [1056, 1724]    |
|  54   |       89205        |      482       |    24    |       21        |  Добавление шумов  |    [2078, 1671]    |
|  55   |       89205        |      220       |    25    |       19        |  Добавление шумов  |    [2978, 1637]    |
|  56   |       89205        |      426       |    23    |       19        |  Добавление шумов  |    [3872, 1598]    |
----------------------------------------------------------------------------------------------------------------------
|  57   |       89205        |      103       |    7     |        6        | Размытость (5, 5)  |     [998, 732]     |
|  58   |       89205        |       96       |    6     |        6        | Размытость (5, 5)  |    [1963, 700]     |
|  59   |       89205        |      100       |    17    |       15        | Размытость (5, 5)  |    [2879, 658]     |
|  60   |       89205        |       91       |    6     |        6        | Размытость (5, 5)  |    [3846, 625]     |
|  61   |       89205        |      157       |    23    |       21        | Размытость (5, 5)  |    [1059, 1760]    |
|  62   |       89205        |      149       |    17    |       14        | Размытость (5, 5)  |    [2060, 1679]    |
|  63   |       89205        |       75       |    13    |       11        | Размытость (5, 5)  |    [2976, 1614]    |
|  64   |       89205        |      127       |    11    |       10        | Размытость (5, 5)  |    [3858, 1591]    |
----------------------------------------------------------------------------------------------------------------------
Разница высот опорного изображения и области видимости: 15.0 раз.
Из 64 сравнений найдено координат: 60. процент нахождения - 93.8 %

----------------------------------------------------------------------------------------------------------------------

Имитация высоты полета на 15.0 м. Высота опорного изображения: 300 м.
----------------------------------------------------------------------------------------------------------------------
| номер | Кол-во КТ опорного | Кол-во КТ обл. | Кол-во   | Кол-во общих КТ | Вариант            | Положение на       |
| п/п   | изображения        | видимости      | общих КТ | после фильтра   | искажения          | опорном изображ.   |
----------------------------------------------------------------------------------------------------------------------
|   1   |       89205        |       69       |    6     |        4        |   Без искажений    |     [979, 724]     |
|   2   |       89205        |       94       |    7     |        7        |   Без искажений    |    [1824, 675]     |
|   3   |       89205        |       84       |    23    |       15        |   Без искажений    |    [2828, 636]     |
|   4   |       89205        |       45       |    79    |        0        |   Без искажений    |     не найдено     |
|   5   |       89205        |      114       |    29    |       27        |   Без искажений    |    [991, 1721]     |
|   6   |       89205        |      141       |    12    |       12        |   Без искажений    |    [1941, 1654]    |
|   7   |       89205        |       92       |    23    |       16        |   Без искажений    |    [2863, 1598]    |
|   8   |       89205        |      145       |    20    |       19        |   Без искажений    |    [3867, 1561]    |
|   9   |       89205        |       56       |    4     |        4        |   Без искажений    |    [952, 2657]     |
|  10   |       89205        |       58       |    9     |        8        |   Без искажений    |    [2005, 2578]    |
|  11   |       89205        |      154       |    20    |       20        |   Без искажений    |    [2970, 2573]    |
|  12   |       89205        |      102       |    13    |       11        |   Без искажений    |    [3898, 2578]    |
----------------------------------------------------------------------------------------------------------------------
|  13   |       89205        |       47       |    3     |        2        |  Поворот 60 град   |     [961, 763]     |
|  14   |       89205        |       30       |    0     |        0        |  Поворот 60 град   |     не найдено     |
|  15   |       89205        |       79       |    10    |        8        |  Поворот 60 град   |    [2852, 657]     |
|  16   |       89205        |       26       |    25    |        0        |  Поворот 60 град   |     не найдено     |
|  17   |       89205        |       98       |    16    |       15        |  Поворот 60 град   |    [1001, 1714]    |
|  18   |       89205        |       80       |    21    |        0        |  Поворот 60 град   |     не найдено     |
|  19   |       89205        |       59       |    54    |        0        |  Поворот 60 град   |     не найдено     |
|  20   |       89205        |      104       |    15    |       12        |  Поворот 60 град   |    [3915, 1548]    |
|  21   |       89205        |       36       |    2     |        0        |  Поворот 60 град   |     не найдено     |
|  22   |       89205        |       36       |    3     |        3        |  Поворот 60 град   |    [2004, 2606]    |
|  23   |       89205        |      120       |    10    |       10        |  Поворот 60 град   |    [2963, 2574]    |
|  24   |       89205        |       44       |    6     |        5        |  Поворот 60 град   |    [3957, 2569]    |
----------------------------------------------------------------------------------------------------------------------
|  25   |       89205        |       49       |    3     |        2        | Поворот -120 град  |     [961, 763]     |
|  26   |       89205        |       30       |    4     |        4        | Поворот -120 град  |    [1886, 663]     |
|  27   |       89205        |       73       |    8     |        6        | Поворот -120 град  |    [2852, 657]     |
|  28   |       89205        |       34       |   146    |        2        | Поворот -120 град  |    [2939, 1730]    |
|  29   |       89205        |       94       |    14    |       13        | Поворот -120 град  |    [1018, 1714]    |
|  30   |       89205        |       87       |    8     |        0        | Поворот -120 град  |     не найдено     |
|  31   |       89205        |       57       |    5     |        3        | Поворот -120 град  |    [2942, 1619]    |
|  32   |       89205        |      102       |    18    |       12        | Поворот -120 град  |    [3902, 1546]    |
|  33   |       89205        |       46       |    3     |        3        | Поворот -120 град  |    [982, 2650]     |
|  34   |       89205        |       36       |    2     |        0        | Поворот -120 град  |     не найдено     |
|  35   |       89205        |      133       |    12    |       12        | Поворот -120 град  |    [2952, 2568]    |
|  36   |       89205        |       51       |    3     |        2        | Поворот -120 град  |    [3910, 2570]    |
----------------------------------------------------------------------------------------------------------------------
|  37   |       89205        |       76       |    5     |        5        |  Поворот 180 град  |     [939, 723]     |
|  38   |       89205        |      103       |    7     |        7        |  Поворот 180 град  |    [1886, 675]     |
|  39   |       89205        |       79       |    19    |       16        |  Поворот 180 град  |    [2794, 623]     |
|  40   |       89205        |       49       |    18    |        3        |  Поворот 180 град  |    [2876, 2306]    |
|  41   |       89205        |      109       |    25    |       20        |  Поворот 180 град  |    [1008, 1713]    |
|  42   |       89205        |      137       |    12    |       11        |  Поворот 180 град  |    [1953, 1654]    |
|  43   |       89205        |       97       |    15    |       13        |  Поворот 180 град  |    [2906, 1612]    |
|  44   |       89205        |      146       |    15    |       15        |  Поворот 180 град  |    [3867, 1545]    |
|  45   |       89205        |       62       |    5     |        5        |  Поворот 180 град  |    [952, 2661]     |
|  46   |       89205        |       55       |    11    |       11        |  Поворот 180 град  |    [1995, 2607]    |
|  47   |       89205        |      155       |    16    |       16        |  Поворот 180 град  |    [2978, 2573]    |
|  48   |       89205        |      102       |    13    |        9        |  Поворот 180 град  |    [3893, 2578]    |
----------------------------------------------------------------------------------------------------------------------
|  49   |       89205        |       69       |    6     |        4        |    Яркость +30     |     [979, 724]     |
|  50   |       89205        |       94       |    7     |        7        |    Яркость +30     |    [1824, 675]     |
|  51   |       89205        |       84       |    23    |       15        |    Яркость +30     |    [2828, 636]     |
|  52   |       89205        |       45       |    79    |        0        |    Яркость +30     |     не найдено     |
|  53   |       89205        |      114       |    29    |       27        |    Яркость +30     |    [991, 1721]     |
|  54   |       89205        |      139       |    12    |       12        |    Яркость +30     |    [1941, 1654]    |
|  55   |       89205        |       90       |    22    |       15        |    Яркость +30     |    [2863, 1598]    |
|  56   |       89205        |      145       |    20    |       19        |    Яркость +30     |    [3867, 1561]    |
|  57   |       89205        |       56       |    4     |        4        |    Яркость +30     |    [952, 2657]     |
|  58   |       89205        |       58       |    9     |        8        |    Яркость +30     |    [2005, 2578]    |
|  59   |       89205        |      154       |    20    |       20        |    Яркость +30     |    [2970, 2573]    |
|  60   |       89205        |      106       |    12    |       11        |    Яркость +30     |    [3898, 2578]    |
----------------------------------------------------------------------------------------------------------------------
|  61   |       89205        |      128       |    8     |        0        |    Яркость -30     |     не найдено     |
|  62   |       89205        |      171       |    8     |        8        |    Яркость -30     |    [1824, 683]     |
|  63   |       89205        |      109       |    17    |       15        |    Яркость -30     |    [2796, 621]     |
|  64   |       89205        |       59       |    5     |        4        |    Яркость -30     |    [3917, 603]     |
|  65   |       89205        |      112       |    31    |       26        |    Яркость -30     |    [991, 1721]     |
|  66   |       89205        |      144       |    13    |       13        |    Яркость -30     |    [1941, 1654]    |
|  67   |       89205        |       95       |    15    |       12        |    Яркость -30     |    [2902, 1609]    |
|  68   |       89205        |      157       |    23    |       22        |    Яркость -30     |    [3867, 1561]    |
|  69   |       89205        |       91       |    6     |        6        |    Яркость -30     |    [962, 2655]     |
|  70   |       89205        |       87       |    9     |        8        |    Яркость -30     |    [2005, 2578]    |
|  71   |       89205        |      165       |    20    |       20        |    Яркость -30     |    [2970, 2564]    |
|  72   |       89205        |      113       |    12    |       11        |    Яркость -30     |    [3899, 2579]    |
----------------------------------------------------------------------------------------------------------------------
|  73   |       89205        |       93       |    8     |        4        |  Добавление шумов  |     [952, 723]     |
|  74   |       89205        |      118       |    6     |        6        |  Добавление шумов  |    [1829, 679]     |
|  75   |       89205        |      115       |    9     |        7        |  Добавление шумов  |    [2805, 644]     |
|  76   |       89205        |       73       |    2     |        0        |  Добавление шумов  |     не найдено     |
|  77   |       89205        |      152       |    19    |       18        |  Добавление шумов  |    [1008, 1715]    |
|  78   |       89205        |      179       |    10    |       10        |  Добавление шумов  |    [1952, 1664]    |
|  79   |       89205        |      121       |    33    |        8        |  Добавление шумов  |    [2820, 1606]    |
|  80   |       89205        |      256       |    17    |       16        |  Добавление шумов  |    [3867, 1568]    |
|  81   |       89205        |       93       |    5     |        5        |  Добавление шумов  |    [952, 2680]     |
|  82   |       89205        |       93       |    9     |        9        |  Добавление шумов  |    [2022, 2588]    |
|  83   |       89205        |      227       |    16    |       14        |  Добавление шумов  |    [2980, 2569]    |
|  84   |       89205        |      133       |    8     |        8        |  Добавление шумов  |    [3899, 2578]    |
----------------------------------------------------------------------------------------------------------------------
|  85   |       89205        |       45       |    3     |        3        | Размытость (5, 5)  |     [971, 723]     |
|  86   |       89205        |       33       |    1     |        0        | Размытость (5, 5)  |     не найдено     |
|  87   |       89205        |       32       |    10    |       10        | Размытость (5, 5)  |    [2794, 621]     |
|  88   |       89205        |       25       |    2     |        0        | Размытость (5, 5)  |     не найдено     |
|  89   |       89205        |       55       |    11    |       10        | Размытость (5, 5)  |    [1008, 1711]    |
|  90   |       89205        |       52       |    11    |        0        | Размытость (5, 5)  |     не найдено     |
|  91   |       89205        |       41       |    8     |        8        | Размытость (5, 5)  |    [2910, 1614]    |
|  92   |       89205        |       82       |    11    |       11        | Размытость (5, 5)  |    [3858, 1571]    |
|  93   |       89205        |       37       |    2     |        0        | Размытость (5, 5)  |     не найдено     |
|  94   |       89205        |       38       |    6     |        5        | Размытость (5, 5)  |    [1983, 2625]    |
|  95   |       89205        |       61       |    8     |        8        | Размытость (5, 5)  |    [2908, 2595]    |
|  96   |       89205        |       55       |    5     |        5        | Размытость (5, 5)  |    [3857, 2578]    |
----------------------------------------------------------------------------------------------------------------------
Разница высот опорного изображения и области видимости: 20.0 раз.
Из 96 сравнений найдено координат: 81. процент нахождения - 84.4 %

----------------------------------------------------------------------------------------------------------------------

Имитация высоты полета на 12.0 м. Высота опорного изображения: 300 м.
----------------------------------------------------------------------------------------------------------------------
| номер | Кол-во КТ опорного | Кол-во КТ обл. | Кол-во   | Кол-во общих КТ | Вариант            | Положение на       |
| п/п   | изображения        | видимости      | общих КТ | после фильтра   | искажения          | опорном изображ.   |
----------------------------------------------------------------------------------------------------------------------
|   1   |       89205        |       46       |    1     |        0        |   Без искажений    |     не найдено     |
|   2   |       89205        |       51       |    7     |        7        |   Без искажений    |    [1824, 675]     |
|   3   |       89205        |       58       |    15    |       13        |   Без искажений    |    [2794, 644]     |
|   4   |       89205        |       33       |   149    |        0        |   Без искажений    |     не найдено     |
|   5   |       89205        |       59       |    15    |       14        |   Без искажений    |    [990, 1708]     |
|   6   |       89205        |      109       |    10    |        7        |   Без искажений    |    [1953, 1637]    |
|   7   |       89205        |       69       |    17    |       15        |   Без искажений    |    [2863, 1598]    |
|   8   |       89205        |      127       |    21    |       17        |   Без искажений    |    [3883, 1542]    |
|   9   |       89205        |       39       |    4     |        4        |   Без искажений    |    [952, 2657]     |
|  10   |       89205        |       55       |    10    |        8        |   Без искажений    |    [2005, 2578]    |
|  11   |       89205        |      110       |    18    |       18        |   Без искажений    |    [2942, 2561]    |
|  12   |       89205        |       67       |    4     |        3        |   Без искажений    |    [3873, 2567]    |
----------------------------------------------------------------------------------------------------------------------
|  13   |       89205        |       34       |    2     |        0        |  Поворот 60 град   |     не найдено     |
|  14   |       89205        |       23       |    0     |        0        |  Поворот 60 град   |     не найдено     |
|  15   |       89205        |       53       |    5     |        5        |  Поворот 60 град   |    [2824, 639]     |
|  16   |       89205        |       23       |    3     |        1        |  Поворот 60 град   |     не найдено     |
|  17   |       89205        |       51       |    10    |       10        |  Поворот 60 град   |    [976, 1699]     |
|  18   |       89205        |       54       |    3     |        2        |  Поворот 60 град   |    [1961, 1623]    |
|  19   |       89205        |       44       |    37    |        0        |  Поворот 60 град   |     не найдено     |
|  20   |       89205        |       75       |    8     |        6        |  Поворот 60 град   |    [3885, 1546]    |
|  21   |       89205        |       17       |    3     |        1        |  Поворот 60 град   |     не найдено     |
|  22   |       89205        |       24       |    2     |        0        |  Поворот 60 град   |     не найдено     |
|  23   |       89205        |      104       |    8     |        8        |  Поворот 60 град   |    [2963, 2568]    |
|  24   |       89205        |       36       |    1     |        0        |  Поворот 60 град   |     не найдено     |
----------------------------------------------------------------------------------------------------------------------
|  25   |       89205        |       34       |    2     |        0        | Поворот -120 град  |     не найдено     |
|  26   |       89205        |       24       |    3     |        3        | Поворот -120 град  |    [1842, 651]     |
|  27   |       89205        |       47       |    4     |        4        | Поворот -120 град  |    [2824, 639]     |
|  28   |       89205        |       26       |    0     |        0        | Поворот -120 град  |     не найдено     |
|  29   |       89205        |       52       |    7     |        7        | Поворот -120 град  |    [976, 1699]     |
|  30   |       89205        |       57       |    5     |        1        | Поворот -120 град  |     не найдено     |
|  31   |       89205        |       43       |    1     |        0        | Поворот -120 град  |     не найдено     |
|  32   |       89205        |       70       |    12    |        5        | Поворот -120 град  |    [3885, 1542]    |
|  33   |       89205        |       24       |    3     |        3        | Поворот -120 град  |    [982, 2650]     |
|  34   |       89205        |       23       |    2     |        0        | Поворот -120 град  |     не найдено     |
|  35   |       89205        |      110       |    9     |        9        | Поворот -120 град  |    [2952, 2570]    |
|  36   |       89205        |       32       |    1     |        0        | Поворот -120 град  |     не найдено     |
----------------------------------------------------------------------------------------------------------------------
|  37   |       89205        |       44       |    2     |        0        |  Поворот 180 град  |     не найдено     |
|  38   |       89205        |       61       |    7     |        7        |  Поворот 180 град  |    [1886, 675]     |
|  39   |       89205        |       60       |    16    |       14        |  Поворот 180 град  |    [2796, 620]     |
|  40   |       89205        |       43       |    13    |        0        |  Поворот 180 град  |     не найдено     |
|  41   |       89205        |       61       |    16    |       12        |  Поворот 180 град  |    [994, 1700]     |
|  42   |       89205        |      105       |    8     |        5        |  Поворот 180 град  |    [2003, 1611]    |
|  43   |       89205        |       74       |    10    |        8        |  Поворот 180 град  |    [2848, 1603]    |
|  44   |       89205        |      132       |    15    |       13        |  Поворот 180 град  |    [3883, 1545]    |
|  45   |       89205        |       43       |    5     |        5        |  Поворот 180 град  |    [952, 2661]     |
|  46   |       89205        |       57       |    10    |       10        |  Поворот 180 град  |    [1995, 2607]    |
|  47   |       89205        |      111       |    12    |       12        |  Поворот 180 град  |    [2950, 2556]    |
|  48   |       89205        |       75       |    3     |        3        |  Поворот 180 град  |    [3873, 2567]    |
----------------------------------------------------------------------------------------------------------------------
|  49   |       89205        |       46       |    1     |        0        |    Яркость +30     |     не найдено     |
|  50   |       89205        |       51       |    7     |        7        |    Яркость +30     |    [1824, 675]     |
|  51   |       89205        |       58       |    15    |       13        |    Яркость +30     |    [2794, 644]     |
|  52   |       89205        |       33       |   149    |        0        |    Яркость +30     |     не найдено     |
|  53   |       89205        |       59       |    15    |       14        |    Яркость +30     |    [990, 1708]     |
|  54   |       89205        |      109       |    10    |        7        |    Яркость +30     |    [1953, 1637]    |
|  55   |       89205        |       67       |    16    |       14        |    Яркость +30     |    [2863, 1598]    |
|  56   |       89205        |      127       |    21    |       17        |    Яркость +30     |    [3883, 1542]    |
|  57   |       89205        |       39       |    4     |        4        |    Яркость +30     |    [952, 2657]     |
|  58   |       89205        |       55       |    10    |        8        |    Яркость +30     |    [2005, 2578]    |
|  59   |       89205        |      110       |    18    |       18        |    Яркость +30     |    [2942, 2561]    |
|  60   |       89205        |       69       |    19    |        0        |    Яркость +30     |     не найдено     |
----------------------------------------------------------------------------------------------------------------------
|  61   |       89205        |       84       |    4     |        0        |    Яркость -30     |     не найдено     |
|  62   |       89205        |      111       |    9     |        8        |    Яркость -30     |    [1824, 675]     |
|  63   |       89205        |       81       |    15    |       14        |    Яркость -30     |    [2796, 623]     |
|  64   |       89205        |       41       |   142    |        0        |    Яркость -30     |     не найдено     |
|  65   |       89205        |       58       |    17    |       15        |    Яркость -30     |    [990, 1708]     |
|  66   |       89205        |      110       |    11    |        8        |    Яркость -30     |    [1953, 1637]    |
|  67   |       89205        |       68       |    10    |        9        |    Яркость -30     |    [2863, 1606]    |
|  68   |       89205        |      134       |    23    |       20        |    Яркость -30     |    [3883, 1542]    |
|  69   |       89205        |       63       |    6     |        6        |    Яркость -30     |    [962, 2655]     |
|  70   |       89205        |       78       |    10    |        8        |    Яркость -30     |    [2005, 2578]    |
|  71   |       89205        |      117       |    19    |       18        |    Яркость -30     |    [2950, 2561]    |
|  72   |       89205        |       77       |    3     |        2        |    Яркость -30     |    [3890, 2568]    |
----------------------------------------------------------------------------------------------------------------------
|  73   |       89205        |       59       |    0     |        0        |  Добавление шумов  |     не найдено     |
|  74   |       89205        |       75       |    5     |        5        |  Добавление шумов  |    [1831, 670]     |
|  75   |       89205        |       92       |    20    |       19        |  Добавление шумов  |    [2796, 618]     |
|  76   |       89205        |       51       |    34    |        0        |  Добавление шумов  |     не найдено     |
|  77   |       89205        |       92       |    11    |       10        |  Добавление шумов  |    [990, 1707]     |
|  78   |       89205        |      154       |    10    |        2        |  Добавление шумов  |    [2023, 1640]    |
|  79   |       89205        |       85       |    10    |       10        |  Добавление шумов  |    [2867, 1584]    |
|  80   |       89205        |      218       |    32    |       16        |  Добавление шумов  |    [3872, 1551]    |
|  81   |       89205        |       46       |    2     |        0        |  Добавление шумов  |     не найдено     |
|  82   |       89205        |       88       |    8     |        8        |  Добавление шумов  |    [2024, 2587]    |
|  83   |       89205        |      160       |    9     |        9        |  Добавление шумов  |    [2959, 2571]    |
|  84   |       89205        |       92       |    4     |        2        |  Добавление шумов  |    [2220, 3100]    |
----------------------------------------------------------------------------------------------------------------------
|  85   |       89205        |       29       |    0     |        0        | Размытость (5, 5)  |     не найдено     |
|  86   |       89205        |       28       |    1     |        0        | Размытость (5, 5)  |     не найдено     |
|  87   |       89205        |       24       |    11    |        9        | Размытость (5, 5)  |    [2794, 644]     |
|  88   |       89205        |       17       |    52    |        5        | Размытость (5, 5)  |    [2775, 2328]    |
|  89   |       89205        |       30       |    8     |        4        | Размытость (5, 5)  |    [992, 1696]     |
|  90   |       89205        |       43       |    11    |        0        | Размытость (5, 5)  |     не найдено     |
|  91   |       89205        |       23       |    5     |        5        | Размытость (5, 5)  |    [2867, 1582]    |
|  92   |       89205        |       68       |    11    |       10        | Размытость (5, 5)  |    [3874, 1555]    |
|  93   |       89205        |       21       |    2     |        0        | Размытость (5, 5)  |     не найдено     |
|  94   |       89205        |       35       |    4     |        3        | Размытость (5, 5)  |    [2013, 2587]    |
|  95   |       89205        |       49       |    7     |        7        | Размытость (5, 5)  |    [2931, 2568]    |
|  96   |       89205        |       39       |    8     |        0        | Размытость (5, 5)  |     не найдено     |
----------------------------------------------------------------------------------------------------------------------
Разница высот опорного изображения и области видимости: 25.0 раз.
Из 96 сравнений найдено координат: 66. процент нахождения - 68.8 %

----------------------------------------------------------------------------------------------------------------------


Время выполнения программы: 0 мин. 20 сек.
Из 320 сравнений найдено координат: 269. Средний процент нахождения - 84.1 %


Имитация высоты полета на 30.0 м. Разница высот с опорным изображением в 10.0 раз.
----------------------------------------------------------------------------------------------------------------------------------------------------------------------
|            |  Без искажений   | Поворот 60 град  |Поворот -120 град | Поворот 180 град |   Яркость +30    |   Яркость -30    | Добавление шумов |Размытость (5, 5) |
----------------------------------------------------------------------------------------------------------------------------------------------------------------------
| Найдено %  |  87 % (7 из 8)   |  100 % (8 из 8)  |  100 % (8 из 8)  |  100 % (8 из 8)  |  87 % (7 из 8)   |  100 % (8 из 8)  |  100 % (8 из 8)  |  100 % (8 из 8)  |
----------------------------------------------------------------------------------------------------------------------------------------------------------------------


Имитация высоты полета на 20.0 м. Разница высот с опорным изображением в 15.0 раз.
----------------------------------------------------------------------------------------------------------------------------------------------------------------------
|            |  Без искажений   | Поворот 60 град  |Поворот -120 град | Поворот 180 град |   Яркость +30    |   Яркость -30    | Добавление шумов |Размытость (5, 5) |
----------------------------------------------------------------------------------------------------------------------------------------------------------------------
| Найдено %  |  100 % (8 из 8)  |  75 % (6 из 8)   |  75 % (6 из 8)   |  100 % (8 из 8)  |  100 % (8 из 8)  |  100 % (8 из 8)  |  100 % (8 из 8)  |  100 % (8 из 8)  |
----------------------------------------------------------------------------------------------------------------------------------------------------------------------


Имитация высоты полета на 15.0 м. Разница высот с опорным изображением в 20.0 раз.
----------------------------------------------------------------------------------------------------------------------------------------------------------------------
|            |  Без искажений   | Поворот 60 град  |Поворот -120 град | Поворот 180 град |   Яркость +30    |   Яркость -30    | Добавление шумов |Размытость (5, 5) |
----------------------------------------------------------------------------------------------------------------------------------------------------------------------
| Найдено %  | 91 % (11 из 12)  |  58 % (7 из 12)  | 83 % (10 из 12)  | 100 % (12 из 12) | 91 % (11 из 12)  | 91 % (11 из 12)  | 91 % (11 из 12)  |  66 % (8 из 12)  |
----------------------------------------------------------------------------------------------------------------------------------------------------------------------


Имитация высоты полета на 12.0 м. Разница высот с опорным изображением в 25.0 раз.
----------------------------------------------------------------------------------------------------------------------------------------------------------------------
|            |  Без искажений   | Поворот 60 град  |Поворот -120 град | Поворот 180 град |   Яркость +30    |   Яркость -30    | Добавление шумов |Размытость (5, 5) |
----------------------------------------------------------------------------------------------------------------------------------------------------------------------
| Найдено %  | 83 % (10 из 12)  |  41 % (5 из 12)  |  50 % (6 из 12)  | 83 % (10 из 12)  |  75 % (9 из 12)  | 83 % (10 из 12)  |  75 % (9 из 12)  |  58 % (7 из 12)  |
----------------------------------------------------------------------------------------------------------------------------------------------------------------------
